161
157
156
157
160
161
161
166
172
166
146
111
89
90
91
91
97
101
100
98
96
98
100
104
106
108
108
105
105
104
101
103
99
98
103
100
90
79
77
81
81
78
72
61
56
53
50
48
48
82
136
130
74
46
37
34
34
34
31
69
90
66
54
48
159
156
157
159
161
163
168
166
152
123
93
87
91
92
90
93
99
100
98
97
95
97
99
100
102
103
103
104
102
100
100
103
98
95
97
90
83
76
74
75
76
76
70
65
61
53
48
47
42
54
108
151
157
149
139
131
116
104
96
107
127
109
84
73
156
155
156
159
165
166
156
132
97
81
85
87
89
89
86
91
95
98
98
96
95
100
103
103
101
98
95
95
95
93
94
94
88
82
81
74
67
64
58
53
61
69
66
66
69
70
84
79
64
55
70
107
141
151
154
161
163
164
176
180
178
169
180
191
155
154
158
164
168
158
141
126
119
122
124
122
120
121
118
117
118
122
122
121
124
126
129
129
127
122
116
115
115
114
113
111
106
101
100
93
89
87
84
78
92
114
115
113
118
113
117
119
110
84
65
64
67
61
61
67
76
86
96
113
126
132
159
179
159
162
166
167
164
159
157
161
163
164
163
161
159
158
159
159
159
158
161
162
163
163
164
164
163
164
162
161
161
161
161
161
160
161
161
160
159
158
157
157
159
162
162
164
164
160
155
157
158
150
145
146
145
144
143
140
137
133
128
127
127
126
129
133
171
170
166
160
159
161
164
166
167
168
169
168
167
166
165
168
169
171
174
174
172
174
175
173
172
174
174
174
175
176
176
176
178
179
180
180
180
177
174
176
174
172
172
175
178
179
177
176
174
172
171
176
179
180
180
178
179
177
175
175
175
175
175
174
168
164
159
160
160
160
162
163
161
160
160
160
160
161
161
161
165
169
171
170
170
171
172
171
171
172
173
173
174
174
175
176
176
178
180
182
181
178
176
178
178
179
179
181
181
181
180
179
176
174
175
174
178
180
180
176
179
178
179
181
183
184
186
185
131
126
128
127
126
125
127
126
125
123
122
122
123
124
124
122
125
128
128
128
130
132
133
133
134
135
136
137
138
138
138
139
140
139
143
145
145
144
143
145
146
149
150
149
152
152
149
150
145
160
152
164
160
158
160
159
162
161
158
154
152
155
145
138
94
92
92
89
89
87
87
83
79
78
80
81
80
81
78
75
80
81
80
82
82
79
78
79
79
78
77
79
81
83
81
82
81
83
89
87
86
86
83
86
90
85
83
90
105
83
83
79
114
105
121
130
105
101
88
89
93
103
98
94
88
69
58
53
103
100
100
100
100
99
97
93
90
92
91
93
92
90
88
87
90
92
91
92
92
91
89
90
89
87
86
88
89
92
90
91
88
92
99
98
96
97
108
107
97
92
99
107
104
113
103
87
101
82
68
48
40
45
49
44
44
48
51
48
47
46
48
50
107
106
106
106
105
104
104
99
98
100
99
99
100
98
96
99
100
101
99
99
99
98
98
98
97
96
97
99
101
101
101
103
100
101
112
108
121
115
128
117
106
115
115
109
110
86
80
68
62
48
38
49
54
53
46
46
51
54
45
51
50
54
54
59
107
105
104
104
103
103
103
101
100
100
101
101
100
101
98
99
102
101
99
99
98
97
100
99
99
98
97
101
103
103
103
101
99
101
91
127
131
109
94
85
83
71
82
69
69
82
67
70
67
67
78
64
54
45
45
56
58
49
54
51
51
57
60
68
107
104
104
104
103
103
105
104
102
101
102
102
102
101
102
101
103
100
99
99
99
99
99
100
98
97
98
99
100
103
103
101
94
81
101
134
107
92
101
94
90
79
83
67
54
56
56
59
60
61
75
71
55
67
86
65
54
57
57
52
50
54
60
66
114
113
113
112
111
112
114
112
108
108
108
108
107
108
107
106
109
106
103
101
98
94
95
97
100
102
103
105
111
110
109
104
129
128
140
90
75
81
81
78
80
74
60
62
69
74
65
59
49
69
87
65
77
79
67
64
58
61
60
59
59
65
67
83
122
121
120
121
119
120
121
119
114
114
114
115
116
115
109
108
108
106
109
112
112
115
108
95
91
101
111
114
120
117
117
120
149
176
134
55
67
73
82
86
80
76
70
89
107
123
114
101
118
88
64
65
50
50
53
55
54
56
57
60
66
71
62
67
127
126
125
125
123
123
124
122
118
117
118
119
118
116
125
149
165
172
185
186
187
199
203
191
162
117
96
102
111
116
128
149
154
128
67
67
103
102
111
108
104
102
81
89
93
102
119
82
89
108
94
74
65
59
49
48
52
50
47
48
55
85
99
84
131
128
128
128
126
124
126
124
121
120
122
122
124
136
146
141
130
126
136
152
158
168
178
186
198
198
176
171
143
122
114
108
130
64
82
107
94
71
80
84
108
121
98
81
95
94
109
121
92
105
98
71
75
64
50
55
58
58
51
49
59
62
73
86
131
130
130
129
127
126
126
125
124
122
124
122
116
105
101
100
98
102
109
127
137
151
140
134
158
173
190
170
153
135
103
91
72
63
68
67
47
49
50
50
56
74
118
103
87
114
106
123
118
107
87
78
82
93
74
62
69
77
76
52
63
67
70
79
130
131
131
129
126
126
129
126
124
129
122
111
112
110
111
110
107
105
107
103
108
122
125
131
125
126
126
110
110
126
135
102
69
68
68
65
58
47
42
46
61
94
71
90
126
129
106
123
135
106
116
112
95
88
91
81
83
79
117
89
66
74
72
61
131
130
131
130
128
128
129
128
129
122
110
112
114
113
113
115
117
110
113
109
111
124
117
113
126
125
116
118
126
128
97
72
83
71
88
93
92
57
71
78
52
53
72
157
162
161
157
90
116
110
129
136
125
118
119
130
115
74
82
126
102
108
86
65
133
132
131
130
129
128
128
132
120
110
116
118
115
116
119
124
121
119
119
118
136
130
120
132
126
123
124
123
115
77
64
71
88
99
115
112
90
50
79
105
81
83
143
174
146
144
77
50
74
126
99
104
127
124
130
104
102
77
81
97
84
78
81
83
134
133
132
130
129
129
129
137
122
117
120
115
117
122
129
125
123
121
122
137
132
127
136
129
122
125
127
123
72
60
70
76
59
49
67
75
96
114
128
77
43
128
153
118
112
60
46
51
48
63
90
112
96
84
128
96
87
115
62
49
46
44
43
70
133
133
132
130
130
129
129
127
122
124
120
119
127
134
135
127
127
122
143
140
129
139
131
127
126
126
121
80
57
51
53
55
64
55
43
44
53
79
85
45
81
124
111
81
50
54
55
59
66
63
59
67
95
107
98
84
53
58
48
45
42
43
48
70
133
133
131
131
129
128
131
133
130
128
123
127
134
138
134
129
121
144
145
134
143
135
129
131
128
123
90
62
60
64
66
59
49
59
50
47
42
35
51
111
182
133
67
50
48
52
52
54
54
57
57
56
48
51
56
83
59
49
45
41
43
48
76
100
134
131
132
133
130
128
142
138
131
133
131
136
138
138
132
120
149
151
140
148
140
134
133
136
124
87
67
46
53
59
50
55
70
47
44
43
65
101
145
161
113
50
48
52
51
54
52
53
52
53
55
57
58
64
59
78
65
46
42
51
75
66
105
116
134
131
131
127
126
129
145
144
136
135
135
140
141
138
121
153
163
147
151
148
144
142
139
127
106
78
80
66
52
53
55
49
51
45
50
97
142
185
162
74
38
53
58
62
60
61
54
50
51
51
52
54
51
51
54
55
50
50
68
96
95
78
117
121
133
132
131
124
122
129
155
153
143
138
137
143
138
125
144
175
163
164
158
150
149
147
133
119
78
59
55
70
60
58
67
63
44
82
134
172
187
116
46
44
53
57
56
56
59
61
58
55
51
51
55
58
59
54
52
55
70
91
112
119
74
103
125
126
131
130
131
126
122
135
169
162
156
150
146
144
139
140
180
171
174
174
169
159
156
137
124
100
64
69
75
66
79
64
56
70
127
160
185
178
93
60
70
79
89
98
97
85
75
69
58
58
59
57
56
59
54
58
80
103
116
124
116
75
83
125
127
127
132
130
131
126
122
140
180
170
171
165
163
160
152
177
184
176
180
173
169
166
161
126
105
79
49
54
62
85
77
63
89
150
179
192
175
107
107
118
113
110
112
116
114
105
93
77
63
62
58
56
64
83
101
105
122
127
120
99
71
92
126
128
129
130
132
130
129
127
120
136
178
177
179
180
182
171
173
194
183
179
182
176
167
171
162
127
88
68
78
66
50
41
52
118
157
185
198
179
124
130
134
132
131
129
128
127
128
128
120
105
80
59
67
65
62
65
70
75
82
81
84
95
120
136
135
132
131
132
133
133
134
129
126
128
178
183
185
186
186
177
196
191
184
189
183
172
174
170
158
141
134
97
74
60
53
58
128
160
169
178
156
105
137
152
152
146
143
139
137
135
135
132
125
117
105
65
79
112
108
108
102
104
109
117
129
136
137
138
138
136
135
135
133
131
133
131
130
123
167
191
188
191
183
195
201
190
194
190
178
177
176
171
162
139
108
85
87
75
72
118
173
182
181
169
73
64
128
158
168
162
155
149
147
143
141
140
134
129
126
100
100
129
123
122
131
132
134
135
139
141
140
140
139
139
138
136
133
131
131
131
131
124
141
196
193
193
191
207
200
195
197
190
184
182
174
167
161
152
92
87
66
88
106
145
160
171
180
130
57
76
118
153
176
176
165
154
151
148
141
141
145
138
136
122
117
131
128
133
136
136
138
140
141
143
142
142
141
141
140
138
130
130
130
127
128
127
120
169
200
193
202
205
199
203
198
192
192
182
179
167
164
155
89
62
76
120
157
180
177
176
133
123
61
96
140
150
176
178
170
161
156
154
149
122
132
141
140
137
129
136
138
140
140
138
137
138
139
141
142
144
143
143
142
141
130
128
128
128
128
129
125
125
188
198
209
204
202
205
200
197
196
188
183
173
168
154
63
50
131
179
185
183
178
165
133
110
79
186
169
159
174
170
165
158
157
158
152
123
117
132
144
150
144
143
140
140
141
140
138
136
136
138
139
141
143
146
145
145
130
128
127
127
126
128
129
117
136
204
211
206
204
205
202
200
198
190
180
179
171
137
55
120
178
193
178
166
163
162
152
92
79
107
149
155
157
152
144
133
138
152
150
130
122
128
151
164
157
145
140
144
146
146
143
140
138
137
137
138
141
144
146
145
129
128
129
126
126
127
126
123
104
169
226
211
207
205
203
202
195
183
186
183
170
143
127
172
187
181
175
172
162
171
177
126
124
114
122
134
141
141
131
128
120
139
153
127
139
132
160
168
161
146
152
158
155
151
148
146
144
143
140
138
139
142
146
147
127
128
128
127
127
127
125
122
113
105
168
223
212
206
205
202
190
188
189
179
165
161
181
190
182
179
174
169
179
181
178
167
144
135
131
129
128
127
122
128
108
150
187
137
156
138
158
165
160
169
174
169
163
159
157
154
151
149
145
141
140
141
145
149
122
122
124
125
124
123
121
117
115
105
88
135
215
213
208
205
201
197
186
178
165
178
194
194
182
176
176
188
195
195
188
181
177
186
190
181
171
164
152
143
126
172
198
143
148
147
149
128
146
196
189
179
172
169
165
160
158
154
151
148
145
143
145
148
110
112
116
117
118
117
116
112
110
106
99
79
144
222
219
207
203
196
183
171
174
192
196
190
184
183
190
199
201
200
194
192
200
173
175
200
206
207
208
206
179
179
179
133
140
122
74
51
81
197
196
187
181
178
175
170
166
162
159
155
151
148
149
151
120
110
106
108
110
111
109
106
104
102
98
91
73
113
190
217
205
195
183
173
186
196
195
192
191
191
195
201
206
205
199
190
120
71
128
154
164
162
162
160
153
149
144
126
86
49
45
53
54
157
207
196
192
188
186
183
177
172
167
163
160
157
154
156
150
138
125
122
121
119
117
117
116
114
112
111
107
94
90
137
203
197
177
183
195
191
193
193
192
173
196
206
213
213
210
145
70
103
134
128
140
144
143
141
137
119
85
54
44
49
55
59
54
87
207
207
201
200
198
195
192
186
181
175
169
166
163
163
158
157
154
150
145
140
141
142
145
148
146
147
147
145
143
134
157
188
187
194
197
193
198
202
149
85
122
151
179
199
193
106
64
112
94
108
128
129
124
108
75
51
45
48
49
53
55
53
52
40
130
220
211
209
208
204
201
198
194
190
182
177
173
169
152
157
162
161
156
149
145
146
150
156
155
156
155
155
154
157
152
155
191
199
194
199
202
193
107
101
78
56
70
97
95
86
60
44
58
76
83
75
60
47
45
53
59
62
62
61
64
70
73
71
61
146
222
220
213
210
209
208
206
201
196
190
184
180
154
158
161
161
158
155
149
146
145
149
152
154
155
154
155
155
146
175
201
199
195
202
207
162
117
122
108
79
51
41
37
45
46
45
50
49
54
54
60
64
66
75
75
75
76
80
84
88
90
87
76
55
106
187
221
223
217
214
212
209
206
201
195
192
155
158
162
159
158
156
154
150
142
126
115
120
122
123
124
113
124
196
202
198
200
205
192
106
150
157
150
142
136
122
107
94
88
87
84
78
70
64
57
50
48
53
54
58
64
68
72
77
81
78
71
64
43
39
76
130
179
212
221
219
214
210
206
201
153
156
158
159
157
155
152
151
147
127
84
54
50
55
54
48
161
204
203
199
202
212
153
97
168
172
78
59
67
76
93
105
113
120
129
137
140
141
138
131
116
97
81
70
67
68
68
73
81
87
85
88
93
99
104
110
126
128
133
171
200
215
217
212
153
155
156
156
156
154
152
145
145
147
135
104
65
40
34
123
202
206
199
204
208
192
106
130
185
89
38
46
51
54
58
59
61
66
65
58
54
61
72
86
101
115
127
136
145
150
151
151
147
143
146
149
148
151
151
151
145
95
79
96
99
116
144
179
156
154
153
155
157
155
151
145
142
145
148
146
128
79
99
197
208
203
204
195
175
129
101
177
103
40
53
56
59
61
62
58
52
50
48
46
44
48
54
70
97
124
138
145
151
153
154
150
120
127
144
147
147
148
145
144
145
114
82
103
105
93
85
88
155
152
152
154
156
153
147
145
145
146
145
146
147
141
195
212
206
203
196
167
154
124
172
102
40
52
57
60
58
54
51
50
48
46
56
67
88
111
132
146
154
155
154
155
155
155
157
152
124
122
140
144
144
144
143
140
144
131
78
86
99
105
107
98
178
156
148
151
153
148
143
142
142
143
143
143
141
150
211
216
205
211
212
190
175
171
105
44
54
55
50
48
47
48
49
58
70
98
121
135
145
155
158
158
156
155
153
152
153
154
154
151
132
115
134
141
142
140
139
139
142
138
79
62
86
102
116
116
220
204
172
148
145
144
141
140
142
144
144
144
146
149
197
227
224
218
200
147
89
49
41
49
49
47
46
46
51
72
103
122
138
148
151
154
158
157
156
153
151
151
149
148
151
154
153
151
139
109
123
138
139
135
134
134
135
141
93
37
66
104
118
126
188
217
220
197
162
141
139
142
144
145
145
151
148
99
60
93
98
78
53
42
43
48
48
50
48
50
64
91
120
138
143
149
155
158
156
155
154
153
153
151
150
149
148
148
148
151
151
150
144
111
111
130
134
131
124
123
130
147
138
120
129
123
111
120
107
140
196
223
218
192
155
138
143
149
155
129
66
41
46
43
44
47
49
50
50
51
46
53
72
101
123
137
149
158
161
161
158
155
152
151
151
150
150
150
148
148
146
147
146
146
146
144
143
116
98
121
126
127
146
161
149
137
155
190
205
137
100
129
118
108
113
159
213
228
214
178
154
152
100
49
40
51
55
52
51
48
48
46
47
57
81
119
144
144
147
152
159
163
160
157
154
152
152
152
151
148
147
149
146
146
145
144
145
144
142
139
136
117
111
124
132
174
214
214
188
160
184
202
148
82
106
112
122
120
114
108
124
177
222
233
194
78
38
47
55
55
54
49
47
47
48
55
90
128
148
153
158
166
168
161
151
160
161
156
155
153
154
151
148
146
144
146
143
141
138
137
135
131
126
124
123
115
101
131
168
205
213
213
215
218
208
156
70
75
91
88
122
121
121
121
111
105
147
175
85
38
49
54
51
51
52
49
48
50
78
120
150
153
156
163
166
165
164
164
151
158
164
157
155
153
153
149
146
144
140
136
135
140
144
146
152
155
157
170
190
194
189
207
216
217
218
204
183
161
113
64
63
81
93
84
122
121
122
122
122
120
85
40
39
50
52
49
49
51
53
49
51
103
145
152
154
159
161
161
164
164
163
162
154
154
160
158
155
153
151
146
141
135
136
155
176
187
192
200
209
216
220
222
216
209
212
216
215
200
164
131
114
98
74
70
82
101
80
82
124
123
123
124
130
90
42
46
51
51
48
52
51
49
48
85
136
153
153
159
161
158
159
160
161
163
163
163
156
147
154
155
154
152
146
141
134
150
181
197
198
200
205
210
212
214
215
212
211
209
210
189
144
108
94
101
100
93
84
89
99
78
73
96
123
123
128
133
90
43
47
54
53
48
50
49
51
57
111
149
152
157
161
161
157
156
157
158
159
160
161
163
160
147
150
155
153
149
140
135
165
194
196
195
201
207
209
209
211
214
214
214
210
208
146
79
82
92
100
104
95
84
94
97
77
75
103
127
125
126
135
91
43
50
54
50
49
51
50
59
77
129
147
152
160
159
159
159
158
156
155
157
157
159
160
160
159
147
146
156
153
145
136
165
197
194
195
204
207
207
208
209
212
214
213
213
204
147
66
82
97
109
110
99
91
98
95
83
92
111
117
94
124
131
93
46
51
57
52
50
49
54
64
92
137
144
155
161
157
157
157
158
158
156
155
155
155
158
158
159
157
150
143
151
148
136
146
190
195
195
204
207
207
209
209
211
213
209
211
209
150
60
73
95
107
99
94
97
100
94
96
102
106
102
83
53
125
96
47
46
52
50
47
48
51
53
86
142
150
158
162
159
157
156
156
158
157
156
154
155
155
155
156
157
156
153
143
144
143
132
168
192
191
200
208
206
209
210
211
213
212
207
211
196
72
56
87
102
97
96
103
100
94
96
96
88
81
68
57
56
135
49
48
52
50
46
46
49
43
90
150
150
162
164
158
158
156
154
155
157
157
155
154
153
152
153
153
153
152
152
144
135
136
143
184
190
194
204
204
208
207
210
211
213
210
207
213
157
50
81
87
92
101
103
96
89
94
79
61
59
66
59
56
89
