255
255
255
255
255
255
255
255
255
255
255
255
255
255
255
255
255
255
255
255
255
255
255
255
255
255
255
255
255
255
255
255
255
255
255
255
255
255
255
255
255
255
255
255
255
255
255
255
255
255
255
255
255
255
255
255
255
255
255
255
255
255
255
255
255
255
255
255
255
255
255
255
255
255
255
255
255
255
255
255
255
255
255
255
255
255
255
255
255
255
255
255
255
255
255
255
255
255
255
255
255
255
255
255
255
255
255
255
255
255
255
255
255
255
255
255
255
255
255
255
255
255
255
255
255
255
255
255
255
255
255
255
255
255
255
255
255
255
255
255
255
255
255
255
255
255
255
255
255
255
255
255
255
255
255
255
255
255
255
255
255
255
255
255
255
255
255
255
255
255
255
255
255
255
255
255
255
255
255
255
255
255
255
255
255
255
255
255
255
255
255
255
255
255
255
255
255
255
255
255
255
255
255
255
255
255
255
255
255
255
255
255
255
255
255
255
255
255
255
255
255
255
255
255
255
255
255
255
255
255
255
255
255
255
255
255
255
255
255
255
255
255
255
255
255
255
255
255
255
255
255
255
255
255
255
255
255
255
255
255
255
255
255
255
254
254
255
255
255
255
255
255
255
255
255
255
255
255
255
255
255
255
255
255
255
255
255
255
255
255
255
255
255
255
255
255
255
255
255
255
255
255
255
255
255
255
255
255
255
255
255
255
255
255
255
255
255
255
255
255
255
255
255
255
255
255
255
255
246
242
254
255
255
255
255
255
255
255
255
255
255
255
255
255
255
255
255
255
255
255
255
255
255
255
255
255
255
255
255
255
255
255
255
255
255
255
255
255
255
255
255
255
255
255
255
255
255
255
255
255
255
255
255
255
255
255
255
255
255
255
255
254
228
203
236
254
255
255
255
255
255
255
255
255
255
255
255
255
255
255
255
255
255
255
255
255
255
255
255
255
255
255
255
255
255
255
255
255
255
255
255
255
255
255
255
255
255
255
255
255
255
255
255
255
255
255
255
255
255
255
255
255
255
255
255
254
212
201
202
231
253
255
255
255
255
255
255
255
255
255
255
255
255
255
255
255
255
255
255
255
255
255
255
255
255
255
255
255
255
255
255
255
255
255
255
255
255
255
255
255
255
255
255
255
255
255
255
255
255
255
255
255
255
255
255
255
255
255
255
249
202
201
204
201
222
253
254
255
255
255
255
255
255
255
255
255
255
255
255
255
255
255
255
255
255
255
255
255
255
255
255
255
255
255
255
255
255
255
255
255
255
255
255
255
255
255
255
255
255
255
255
255
255
255
255
255
255
255
255
255
255
255
255
234
202
202
203
202
201
217
250
255
255
255
255
255
255
255
255
255
255
255
255
255
255
255
255
255
255
255
255
255
255
255
255
255
255
255
255
255
255
255
255
255
255
255
255
255
255
255
255
255
255
255
255
255
255
255
255
255
255
255
255
255
255
255
254
221
202
201
204
202
203
202
210
246
255
255
255
255
255
255
255
255
255
255
255
255
255
255
255
255
255
255
255
255
255
255
255
255
255
255
255
255
255
255
255
255
255
255
255
255
255
255
255
255
255
255
255
255
255
255
255
255
255
255
255
255
255
255
251
205
208
205
203
202
204
202
202
208
242
254
255
255
255
255
255
255
255
255
255
255
255
255
255
255
255
255
255
255
255
255
255
255
255
255
255
255
255
255
255
255
255
255
255
255
255
255
255
255
255
255
255
255
255
255
255
255
255
255
255
255
255
255
239
203
203
209
205
203
204
202
202
204
204
236
254
255
255
255
255
255
255
255
255
255
255
255
255
255
255
255
255
255
255
255
255
255
255
255
255
255
255
255
255
255
255
255
255
255
255
255
255
255
255
255
255
255
255
255
255
255
255
255
255
255
255
254
223
203
203
205
206
206
204
203
204
203
202
204
228
253
255
255
255
255
255
255
255
255
255
255
255
255
255
255
255
255
255
255
255
255
255
255
255
255
255
255
255
255
255
255
255
255
255
255
255
255
255
255
255
255
255
255
255
255
255
255
255
255
255
253
209
203
204
204
203
207
208
203
204
203
203
204
203
221
252
254
255
255
255
255
255
255
255
255
255
255
255
255
255
255
255
255
255
255
255
255
255
255
255
255
255
255
255
255
255
255
255
255
255
255
255
255
255
255
255
255
255
255
255
255
255
255
255
245
205
203
206
203
203
205
204
208
205
203
203
204
203
204
215
249
255
255
255
255
255
255
255
255
255
255
255
255
255
255
255
255
255
255
255
255
255
255
255
255
255
255
255
255
255
255
255
255
255
255
255
255
255
255
255
255
255
255
255
255
255
255
255
229
208
206
206
203
203
206
204
204
209
204
205
203
203
204
202
210
246
254
255
255
255
255
255
255
255
255
255
255
255
255
255
255
255
255
255
255
255
255
255
255
255
255
255
255
255
255
255
255
255
255
255
255
255
255
255
255
255
255
255
255
255
255
254
214
205
207
209
204
205
205
204
206
203
207
207
203
203
204
203
204
206
240
254
255
255
255
255
255
255
255
255
255
255
255
255
255
255
255
255
255
251
237
232
242
254
255
255
255
255
255
255
255
255
255
255
255
255
255
255
255
255
255
255
255
255
255
249
205
204
206
206
209
206
204
204
206
204
203
208
207
205
203
203
204
202
199
232
254
254
255
255
255
255
255
255
255
255
255
255
255
255
255
255
233
201
197
200
204
215
246
255
255
255
255
255
255
255
255
255
255
255
255
255
255
255
255
255
255
255
255
234
205
205
206
204
205
212
205
204
206
204
205
205
205
209
203
203
204
200
198
193
221
253
255
255
255
255
255
255
255
255
255
255
255
255
255
236
197
196
197
200
203
209
215
243
255
255
255
255
255
255
255
255
255
255
255
255
255
255
255
255
255
255
254
219
205
205
206
205
205
207
210
208
205
204
206
204
204
206
209
204
203
199
195
190
188
211
251
255
255
255
255
255
255
255
255
255
255
255
252
202
199
200
203
206
209
207
211
218
247
255
255
255
255
255
255
255
255
255
255
255
255
255
255
255
255
255
255
240
208
206
206
205
207
205
205
210
208
205
205
204
204
205
204
209
204
195
191
186
186
183
198
247
254
255
255
255
255
255
255
255
255
255
235
201
203
204
206
208
208
197
196
214
223
253
255
255
255
255
255
255
255
255
255
255
255
255
255
255
255
255
255
254
247
216
205
206
207
205
205
206
208
208
206
205
206
204
204
205
206
194
186
180
182
177
179
191
242
255
255
255
255
255
255
255
255
255
210
207
207
207
210
212
212
213
207
212
217
237
255
255
255
255
255
255
255
255
255
255
255
255
255
255
255
255
255
255
255
252
223
205
207
205
205
207
205
208
210
205
205
204
204
205
198
191
183
175
177
173
176
175
183
247
255
255
255
255
255
255
255
249
183
211
210
211
213
216
218
219
221
205
214
219
252
255
255
255
255
255
255
255
255
255
255
255
255
255
255
255
255
255
255
255
254
233
207
206
207
206
206
207
205
209
208
205
205
204
193
182
176
178
171
167
173
171
180
252
255
255
255
254
254
254
213
142
183
212
213
214
217
220
222
221
222
211
212
214
239
255
255
255
255
255
255
255
255
255
255
255
255
255
255
255
255
255
255
255
255
254
241
210
207
205
205
207
205
206
209
207
205
202
186
177
166
169
172
163
168
166
195
255
255
255
255
231
200
209
118
101
184
201
204
205
209
217
226
224
223
221
202
203
224
255
255
255
255
255
255
255
255
255
255
255
255
255
255
255
255
255
255
255
255
255
254
248
217
206
207
207
206
206
205
207
209
198
180
169
161
163
157
167
166
161
213
255
255
249
180
108
185
108
113
78
192
215
216
219
223
218
215
213
209
210
180
190
211
250
255
255
255
255
255
255
255
255
255
255
255
255
255
255
255
255
255
255
255
255
255
255
253
225
207
206
205
206
205
205
206
197
173
151
140
146
143
157
161
161
233
255
250
161
88
163
137
101
94
94
192
218
218
220
226
229
229
227
225
208
129
158
200
240
255
255
255
255
255
255
255
255
255
255
255
255
255
255
255
255
255
255
255
255
255
255
255
254
235
208
206
207
206
206
202
177
161
137
132
131
125
137
144
141
252
254
189
135
126
164
96
107
85
99
186
221
220
221
226
230
231
229
226
224
137
160
206
230
255
255
255
255
255
255
255
255
255
255
255
255
255
255
255
255
255
255
255
255
255
255
255
255
254
243
213
206
205
206
193
155
144
140
137
122
121
127
115
145
254
172
110
99
106
136
90
116
79
78
169
223
223
223
224
205
219
230
227
225
198
199
215
225
255
255
255
255
255
255
255
255
255
255
255
255
255
255
255
255
255
255
255
255
255
255
255
255
255
255
249
218
205
205
175
152
137
126
135
126
120
117
96
177
226
100
103
111
114
122
99
117
70
66
154
224
225
223
189
125
205
230
229
211
223
205
217
222
255
255
255
255
255
255
255
255
255
255
255
255
255
255
255
255
255
255
255
255
255
255
255
255
255
255
254
253
227
196
163
150
133
125
126
119
130
98
88
135
146
101
112
118
121
120
99
114
61
58
110
221
224
224
208
188
231
231
229
212
226
210
216
221
254
255
255
255
255
255
255
255
255
255
255
255
255
255
255
255
255
255
255
255
255
255
255
255
255
255
255
255
253
228
162
149
132
126
120
113
113
103
95
137
136
122
96
103
125
118
100
108
70
58
82
213
224
226
223
224
231
231
215
228
227
223
207
222
253
255
255
255
255
255
255
255
255
255
255
255
255
255
255
255
255
255
255
255
255
255
255
255
255
255
255
255
255
255
236
161
132
131
116
110
108
97
121
113
122
113
99
124
131
115
111
101
74
53
76
182
227
228
227
227
230
229
211
228
226
226
204
222
253
255
255
255
255
255
255
255
255
255
255
255
255
255
255
255
255
255
255
255
255
255
255
255
255
255
255
255
255
255
255
246
169
130
115
110
108
105
119
110
117
100
117
125
127
115
137
116
71
46
52
130
227
229
229
228
229
214
228
227
223
214
200
226
254
255
255
255
255
255
255
255
255
255
255
255
255
255
255
255
255
255
255
255
255
255
255
255
255
255
255
255
255
255
255
254
252
191
115
117
109
106
121
96
102
94
129
128
137
124
172
124
93
46
57
86
213
230
229
228
227
215
228
226
222
218
223
231
255
255
255
255
255
255
255
255
255
255
255
255
255
255
255
255
255
255
255
255
255
255
255
255
255
255
255
255
255
255
255
255
255
254
214
130
112
111
115
106
137
104
136
136
110
98
123
171
117
61
33
63
153
229
230
228
212
228
228
226
224
225
225
237
255
255
255
255
255
255
255
255
255
255
255
255
255
255
255
255
255
255
255
255
255
255
255
255
255
255
255
255
255
255
255
255
255
255
254
174
115
112
128
106
95
108
95
104
106
135
101
148
107
91
44
49
77
210
229
226
214
229
228
227
226
225
226
245
255
255
255
255
255
255
255
255
255
255
255
255
255
255
255
255
255
255
255
255
255
255
255
255
255
255
255
255
255
255
255
255
255
255
255
130
50
89
128
114
126
113
103
115
150
181
141
111
112
116
70
54
49
101
226
206
228
228
228
228
227
226
230
254
255
255
255
255
255
255
255
255
255
255
255
255
255
255
255
255
255
255
255
255
255
255
255
255
255
255
255
255
255
255
255
255
255
255
254
98
43
67
122
125
110
129
128
109
148
132
75
80
136
131
101
80
74
80
160
226
229
229
228
228
227
228
244
255
255
255
255
255
255
255
255
255
255
255
255
255
255
255
255
255
255
255
255
255
255
255
255
255
255
255
255
255
255
255
255
255
255
255
255
115
72
90
103
155
111
118
136
112
66
116
112
152
130
123
127
95
115
140
146
186
227
229
227
227
229
231
254
255
255
255
255
255
255
255
255
255
255
255
255
255
255
255
255
255
255
255
255
255
255
255
255
255
255
255
255
255
255
255
255
255
255
255
254
161
92
102
110
145
114
124
142
136
107
198
159
146
106
114
121
110
158
189
181
190
181
196
206
203
185
172
222
254
255
255
255
255
255
255
255
255
255
255
255
255
255
255
255
255
255
255
255
255
255
255
255
255
255
255
255
255
255
255
255
255
255
255
255
240
117
135
99
67
169
118
141
150
141
147
108
90
168
177
137
118
185
187
186
185
188
184
179
174
174
168
168
208
253
255
255
255
255
255
255
255
255
255
255
255
255
255
255
255
255
255
255
255
255
255
255
255
255
255
255
255
255
255
255
255
255
255
255
255
250
185
139
122
129
180
116
178
162
130
130
112
243
252
176
161
189
187
186
184
183
183
183
174
173
168
167
160
194
252
255
255
255
255
255
255
255
255
255
255
255
255
255
255
255
255
255
255
255
255
255
255
255
255
255
255
255
255
255
255
255
255
255
255
255
255
244
246
238
229
135
252
238
231
238
251
255
241
189
191
194
187
186
184
183
180
180
181
172
167
166
160
159
177
245
254
255
255
255
255
255
255
255
255
255
255
255
255
255
255
255
255
255
255
255
255
255
255
255
255
255
255
255
255
255
255
255
255
255
255
255
255
255
255
254
255
255
255
255
255
255
227
190
190
188
193
187
183
182
178
178
174
180
167
165
159
159
152
167
238
254
255
255
255
255
255
255
255
255
255
255
255
255
255
255
255
255
255
255
255
255
255
255
255
255
255
255
255
255
255
255
255
255
255
255
255
255
255
255
255
255
255
255
255
254
213
190
190
188
188
190
186
181
179
177
173
171
174
167
160
157
154
149
154
225
255
255
255
255
255
255
255
255
255
255
255
255
255
255
255
255
255
255
255
255
255
255
255
255
255
255
255
255
255
255
255
255
255
255
255
255
255
255
255
255
255
255
255
254
201
190
189
188
187
185
188
185
180
175
174
168
168
168
166
154
154
146
147
142
220
255
255
255
255
255
255
255
255
255
255
255
255
255
255
255
255
255
255
255
255
255
255
255
255
255
255
255
255
255
255
255
255
255
255
255
255
255
255
255
255
255
255
254
242
199
189
188
187
185
184
183
185
175
173
168
167
161
165
161
152
146
146
139
210
255
255
255
255
255
255
255
255
255
255
255
255
255
255
255
255
255
255
255
255
255
255
255
255
255
255
255
255
255
255
255
255
255
255
255
255
255
255
255
255
255
255
255
254
249
209
187
187
184
184
180
179
182
173
167
166
160
160
155
161
146
145
138
230
255
255
255
255
255
255
255
255
255
255
255
255
255
255
255
255
255
255
255
255
255
255
255
255
255
255
255
255
255
255
255
255
255
255
255
255
255
255
255
255
255
255
255
255
255
253
220
187
184
183
179
178
173
179
170
166
159
159
152
152
154
145
138
251
255
255
255
255
255
255
255
255
255
255
255
255
255
255
255
255
255
255
255
255
255
255
255
255
255
255
255
255
255
255
255
255
255
255
255
255
255
255
255
255
255
255
255
255
255
255
254
234
190
181
179
177
173
171
172
169
158
158
151
150
146
151
160
254
255
255
255
255
255
255
255
255
255
255
255
255
255
255
255
255
255
255
255
255
255
255
255
255
255
255
255
255
255
255
255
255
255
255
255
255
255
255
255
255
255
255
255
255
255
255
255
254
244
194
180
175
174
168
168
166
168
154
154
146
146
139
180
254
255
255
255
255
255
255
255
255
255
255
255
255
255
255
255
255
255
255
255
255
255
255
255
255
255
255
255
255
255
255
255
255
255
255
255
255
255
255
255
255
255
255
255
255
255
255
255
255
255
250
205
174
173
168
167
160
161
163
153
146
145
139
197
255
255
255
255
255
255
255
255
255
255
255
255
255
255
255
255
255
255
255
255
255
255
255
255
255
255
255
255
255
255
255
255
255
255
255
255
255
255
255
255
255
255
255
255
255
255
255
255
255
255
255
254
219
174
167
166
160
159
152
161
147
145
137
218
255
255
255
255
255
255
255
255
255
255
255
255
255
255
255
255
255
255
255
255
255
255
255
255
255
255
255
255
255
255
255
255
255
255
255
255
255
255
255
255
255
255
255
255
255
255
255
255
255
255
255
255
254
233
174
165
159
159
152
151
152
149
135
239
255
255
255
255
255
255
255
255
255
255
255
255
255
255
255
255
255
255
255
255
255
255
255
255
255
255
255
255
255
255
255
255
255
255
255
255
255
255
255
255
255
255
255
255
255
255
255
255
255
255
255
255
255
255
243
184
157
158
150
151
144
148
152
252
255
255
255
255
255
255
255
255
255
255
255
255
255
255
255
255
255
255
255
255
255
255
255
255
255
255
255
255
255
255
255
255
255
255
255
255
255
255
255
255
255
255
255
255
255
255
255
255
255
255
255
255
255
255
255
251
198
154
152
146
145
138
164
254
255
255
255
255
255
255
255
255
255
255
255
255
255
255
255
255
255
255
255
255
255
255
255
255
255
255
255
255
255
255
255
255
255
255
255
255
255
255
255
255
255
255
255
255
255
255
255
255
255
255
255
255
255
255
255
254
254
215
156
145
145
138
184
255
255
255
255
255
255
255
255
255
255
255
255
255
255
255
255
255
255
255
255
255
255
255
255
255
255
255
255
255
255
255
255
255
255
255
255
255
255
255
255
255
255
255
255
255
255
255
255
255
255
255
255
255
255
255
255
255
255
254
233
158
145
137
205
255
255
255
255
255
255
255
255
255
255
255
255
255
255
255
255
255
255
255
255
255
255
255
255
255
255
255
255
255
255
255
255
255
255
255
255
255
255
255
255
255
255
255
255
255
255
255
255
255
255
255
255
255
255
255
255
255
255
255
255
245
171
135
226
255
255
255
255
255
255
255
255
255
255
255
255
255
255
255
255
255
255
255
255
255
255
255
255
255
255
255
255
255
255
255
255
255
255
255
255
255
255
255
255
255
255
255
255
255
255
255
255
255
255
255
255
255
255
255
255
255
255
255
255
255
252
190
247
255
255
255
255
255
255
255
255
255
255
255
255
255
255
255
255
255
255
255
255
255
255
255
255
255
255
255
255
255
255
255
255
255
255
255
255
255
255
255
255
255
255
255
255
255
255
255
255
255
255
255
255
255
255
255
255
255
255
255
255
255
254
254
254
255
255
255
255
255
255
255
255
255
255
255
255
255
255
255
255
255
255
255
255
255
255
255
255
255
255
255
255
255
255
255
255
255
255
255
255
255
255
255
255
255
255
255
255
255
255
255
255
255
255
255
255
255
255
255
255
255
255
255
255
255
255
255
255
255
255
255
255
255
255
255
