254
254
254
254
254
254
254
253
254
254
253
253
253
254
254
253
253
253
251
252
253
251
254
252
253
254
254
254
254
254
253
253
254
254
254
254
254
254
254
254
254
254
254
254
254
254
254
254
254
254
254
254
254
254
254
254
254
254
254
254
254
254
254
254
254
254
253
254
254
254
254
253
253
254
253
254
254
253
254
254
253
253
253
253
254
254
251
253
254
254
254
254
254
254
254
254
254
254
254
254
254
254
254
254
254
254
254
254
254
254
254
254
254
254
254
254
254
254
254
254
254
254
254
254
254
254
254
254
253
253
253
253
254
254
254
254
254
254
253
253
254
253
253
253
254
251
253
252
254
253
254
252
254
253
253
254
254
254
253
253
254
254
254
254
254
254
254
254
254
254
254
254
254
254
254
254
254
254
254
254
254
254
254
254
254
254
254
254
254
254
254
254
253
253
253
254
253
253
254
254
254
253
252
253
253
253
253
253
254
252
251
248
252
252
253
254
253
253
253
253
253
254
253
253
254
254
254
254
254
254
254
254
254
254
254
254
254
254
254
254
254
254
254
254
254
254
254
254
254
254
254
254
254
254
254
254
253
253
254
254
254
254
253
253
252
254
254
253
253
253
254
253
250
248
244
229
205
234
251
254
254
254
253
253
253
254
253
253
254
254
254
254
254
254
254
254
254
254
254
254
254
254
254
254
254
254
254
254
254
254
254
254
254
254
254
254
254
254
254
254
254
254
254
254
254
254
253
253
253
252
251
253
252
252
248
241
223
200
185
187
186
187
245
252
253
254
253
253
253
254
254
253
254
254
254
254
254
254
254
254
254
254
254
254
254
254
254
254
254
254
254
254
254
254
254
254
254
254
254
254
254
254
254
254
253
253
254
254
254
253
253
253
253
253
252
247
232
213
196
185
188
186
181
185
184
190
198
248
252
254
254
253
253
253
254
254
254
254
254
254
254
254
254
254
254
254
254
254
254
254
254
254
254
254
254
254
254
254
254
254
254
254
254
254
254
254
254
254
253
253
254
254
254
253
252
252
245
229
207
189
181
181
183
184
187
189
190
188
192
183
190
210
250
253
254
254
253
253
254
254
254
254
254
254
254
254
254
254
254
254
254
254
254
254
254
254
254
254
254
254
254
254
254
254
254
254
254
254
254
254
254
254
253
251
253
253
253
244
218
198
183
182
179
191
182
184
182
189
189
192
189
184
186
187
186
185
227
250
252
252
254
254
253
254
254
254
254
254
254
254
254
254
254
254
254
254
254
254
254
254
254
254
254
254
254
254
254
254
254
254
254
254
254
254
254
254
253
253
253
252
253
234
184
181
182
179
186
185
193
187
187
183
185
185
187
187
184
187
191
192
185
237
250
253
253
249
254
251
254
254
254
254
254
254
254
254
254
254
254
254
254
254
254
254
254
254
254
254
254
254
254
254
254
254
254
254
254
254
254
254
252
253
253
253
253
252
230
184
182
185
188
178
189
189
182
184
185
184
190
194
190
186
185
185
188
193
244
252
254
254
250
254
254
254
254
254
254
254
254
254
254
254
254
254
254
254
254
254
254
254
254
254
254
254
254
254
254
254
254
254
254
254
254
254
252
253
251
253
251
253
250
220
181
186
178
184
184
184
192
186
185
186
185
187
191
189
186
186
193
188
205
250
253
254
253
253
254
254
254
254
254
254
254
254
254
254
254
254
254
254
254
254
254
254
254
254
254
254
254
254
254
254
254
254
254
254
254
254
253
253
253
252
253
253
251
250
211
179
181
189
184
186
192
185
185
186
183
184
190
192
189
188
185
185
188
216
251
253
252
253
253
254
254
254
254
254
254
254
254
254
254
254
254
254
254
254
254
254
254
254
254
254
254
254
254
254
254
254
254
254
254
254
253
253
252
253
252
254
254
250
248
205
182
182
181
188
182
189
187
186
188
188
186
189
190
185
187
185
187
189
229
251
254
253
254
254
254
254
254
254
254
254
254
254
254
254
254
254
254
254
254
254
254
254
254
254
254
254
254
254
254
254
254
254
254
254
253
253
249
253
254
251
254
254
252
246
194
183
182
181
186
191
190
186
186
185
184
186
191
192
189
193
188
186
188
238
252
251
254
254
254
254
254
254
254
254
254
254
254
254
254
254
254
254
254
254
254
254
254
254
254
254
254
254
254
254
254
254
254
254
253
251
253
253
252
253
253
252
252
252
242
192
185
185
184
182
187
187
184
187
189
187
187
193
185
187
186
187
186
196
245
252
254
254
254
254
254
254
254
254
254
254
254
254
254
254
254
254
254
254
254
254
254
254
254
254
254
254
254
254
254
254
254
254
253
254
254
253
253
254
254
254
254
254
252
238
186
179
184
182
186
191
192
185
185
183
187
185
192
190
189
185
193
188
204
250
252
254
253
253
250
254
254
253
254
254
254
254
253
254
254
254
254
254
254
254
254
254
254
254
254
254
254
254
254
254
254
254
253
254
254
254
254
254
253
254
253
250
253
250
230
187
188
184
183
184
187
187
182
191
183
189
189
191
188
189
184
184
188
218
252
253
252
251
253
253
253
254
254
254
254
254
254
254
254
254
254
254
254
254
254
254
254
254
254
254
254
254
254
254
254
254
254
254
254
254
254
254
253
253
253
253
254
251
249
218
182
183
184
182
186
194
191
185
187
182
188
188
190
183
191
189
186
176
220
252
252
253
252
253
253
253
254
253
253
253
253
253
254
254
254
254
254
254
254
254
254
254
254
254
254
254
254
254
254
254
254
254
254
254
254
254
253
253
250
253
253
253
251
250
208
186
184
188
182
185
191
180
188
183
188
189
188
191
183
174
156
138
143
230
250
252
253
254
250
253
254
253
253
253
253
253
254
254
254
254
254
254
254
254
254
254
254
254
254
254
254
254
254
254
253
253
253
254
254
254
253
253
253
253
253
253
250
251
246
201
183
185
183
182
186
194
182
191
184
181
180
181
159
134
128
135
129
148
242
252
248
254
253
251
253
254
253
253
253
253
254
254
254
254
254
254
254
254
254
254
254
254
254
254
254
254
254
254
253
253
253
253
254
253
253
253
253
253
254
254
253
252
252
245
195
186
184
187
183
189
192
175
173
165
163
153
147
129
122
118
117
118
155
251
252
253
253
253
253
253
253
253
253
254
253
253
254
254
254
254
254
254
254
254
254
254
254
254
254
254
254
254
254
254
254
254
253
253
253
253
253
252
254
254
254
254
247
253
241
185
185
182
178
174
170
175
163
163
154
136
119
125
115
107
111
119
114
185
252
253
254
252
253
253
253
254
254
253
253
253
254
254
254
254
254
254
254
254
254
254
254
254
254
254
254
254
254
254
254
254
253
253
253
254
254
254
254
254
253
254
253
253
252
233
182
175
179
173
171
166
160
149
145
125
118
125
122
114
108
104
104
102
209
252
253
254
253
253
253
253
253
253
253
253
254
254
254
254
254
254
254
254
254
254
254
254
254
254
254
254
254
254
253
253
254
254
254
254
254
254
254
254
254
254
253
254
252
252
223
174
166
168
161
156
162
156
148
135
115
109
113
107
99
100
99
106
120
170
129
94
113
160
239
253
253
249
254
254
254
254
254
254
254
254
254
254
254
254
254
254
254
254
254
254
254
254
253
253
254
254
254
253
253
253
253
254
254
253
253
253
254
252
250
214
169
167
165
163
157
162
140
128
113
111
109
119
106
100
95
101
101
104
48
40
68
93
111
248
253
254
252
253
254
254
254
254
254
254
254
254
254
254
254
254
254
254
254
254
253
253
253
253
254
254
254
254
253
253
253
254
253
253
253
254
250
253
253
247
199
165
158
154
151
144
157
146
122
115
107
92
98
86
98
95
99
99
88
62
86
104
140
183
253
251
254
252
254
254
254
254
254
254
254
254
254
254
254
254
254
254
254
254
253
253
253
253
253
254
254
254
253
253
253
254
253
254
254
254
253
252
254
254
246
185
159
161
156
153
154
149
136
98
89
83
88
116
113
119
117
131
126
124
101
105
105
142
246
252
254
254
254
254
254
254
254
254
254
254
254
254
254
254
254
254
254
254
254
254
254
254
254
254
254
254
254
254
254
253
253
254
254
253
253
252
252
253
253
246
174
156
153
155
143
147
126
140
178
130
140
114
110
99
111
108
116
123
157
149
64
123
246
253
253
253
254
254
254
254
254
254
254
254
254
254
254
254
254
254
254
254
254
254
254
253
253
254
254
254
254
253
253
253
253
254
253
253
253
253
251
253
253
251
241
165
163
184
205
229
251
253
227
148
137
121
120
107
139
94
126
115
119
119
166
131
235
253
253
252
254
254
254
254
254
254
254
254
254
254
254
254
254
254
254
254
254
254
254
254
254
254
254
254
254
253
253
253
253
254
253
254
251
253
254
253
254
253
251
243
250
251
253
250
253
169
102
99
122
113
101
93
106
108
110
132
120
121
119
183
228
254
249
254
254
254
254
254
254
254
254
254
254
254
254
254
254
254
254
254
254
254
254
254
254
254
254
254
254
253
253
253
253
254
254
254
253
253
253
254
253
254
253
253
253
253
253
247
192
113
104
113
94
102
117
131
137
95
106
127
137
142
146
117
131
252
253
251
254
254
254
254
254
254
254
254
254
254
254
254
254
254
254
254
254
254
254
254
254
254
254
254
254
253
253
253
254
254
254
254
254
254
254
254
254
254
253
252
254
252
247
163
134
99
113
120
106
121
131
129
137
104
114
110
113
135
164
183
251
254
253
254
254
254
251
253
254
253
253
252
253
254
253
253
253
254
253
253
254
254
254
254
254
254
254
254
254
254
254
254
254
254
254
254
254
253
253
253
253
254
254
254
252
254
178
86
130
107
112
119
125
134
126
133
114
109
152
150
62
111
141
169
239
254
253
251
253
254
253
253
254
252
253
253
253
254
253
253
253
254
253
253
254
254
254
254
254
254
254
254
254
254
254
254
254
254
254
254
253
254
254
254
254
254
253
253
254
228
109
163
167
135
127
119
118
116
114
128
96
138
188
132
116
199
146
132
231
253
254
254
253
251
253
253
253
253
254
253
253
253
253
253
253
253
254
253
254
254
254
254
254
254
254
254
254
254
254
254
254
254
254
254
254
254
254
253
253
254
253
253
252
201
186
135
96
92
103
100
102
114
137
177
128
103
149
71
111
158
108
131
236
253
253
254
252
253
253
251
253
253
252
253
253
253
253
253
253
253
254
254
254
254
254
254
254
254
254
254
254
254
254
254
254
254
254
254
253
254
254
254
254
254
254
254
252
211
109
105
109
113
119
116
111
98
123
123
174
148
113
80
154
147
89
109
253
251
254
253
252
253
253
253
254
253
251
254
254
254
254
254
254
254
254
254
254
254
254
254
254
254
254
254
254
254
254
254
254
254
254
254
253
254
254
253
252
253
254
254
215
119
119
92
88
79
72
62
71
77
71
95
117
107
112
136
133
106
170
243
251
252
252
249
253
254
251
253
254
252
253
253
254
254
253
253
254
254
253
253
254
254
254
254
254
254
254
254
254
254
254
254
254
254
254
254
254
254
253
254
254
254
253
248
147
101
78
95
101
77
69
60
59
54
47
44
65
89
115
132
123
116
178
251
234
222
201
189
235
252
253
254
254
254
253
251
253
254
253
253
253
254
253
253
254
254
254
254
254
254
254
254
254
254
254
254
254
254
254
254
254
254
254
254
251
235
208
186
182
185
192
192
184
172
152
112
81
76
52
58
33
48
70
102
127
126
135
165
168
172
165
170
182
243
252
251
254
252
253
253
254
254
253
253
253
254
253
253
254
254
254
254
254
254
254
254
254
254
254
254
254
254
254
254
254
254
253
237
204
200
207
211
212
202
214
220
219
225
224
219
212
183
127
89
63
52
51
81
96
108
118
151
172
168
173
168
172
194
250
251
254
253
252
253
254
254
253
254
253
254
254
254
254
254
254
254
254
254
254
254
254
254
254
254
254
254
254
254
253
254
234
199
196
203
209
209
212
205
215
219
221
220
229
223
225
229
230
217
154
77
51
75
114
148
166
173
175
169
167
168
166
167
214
251
248
254
251
253
253
254
254
254
254
254
254
254
254
254
254
254
254
254
254
254
254
254
254
254
254
254
254
254
252
252
204
193
201
206
208
210
215
204
220
219
220
227
215
228
228
231
227
231
226
212
101
81
136
186
165
168
167
173
168
169
168
169
164
227
252
250
253
253
253
253
254
254
254
254
253
253
254
254
254
254
254
254
254
254
254
254
254
254
254
254
254
254
254
239
191
199
202
205
206
215
215
212
221
231
221
227
189
207
221
227
230
230
234
231
227
162
148
165
167
163
165
169
170
164
164
164
163
174
241
252
253
254
253
253
254
254
253
253
254
254
254
254
254
254
254
254
254
254
254
254
254
254
254
254
254
254
254
230
203
198
206
209
212
215
221
217
217
228
230
203
130
185
226
224
231
225
230
227
208
225
179
170
162
168
163
165
165
171
165
167
166
158
177
248
251
253
254
254
254
254
253
254
254
254
254
254
254
254
254
254
254
254
254
254
254
254
254
254
254
254
253
240
205
203
211
205
217
216
221
225
215
229
234
220
208
232
232
231
227
230
210
213
231
231
227
164
173
163
161
166
160
166
163
158
163
159
162
193
251
252
253
254
254
254
253
254
254
253
254
254
254
254
254
254
254
254
254
254
254
254
254
254
254
254
254
252
213
208
208
194
214
220
221
223
215
225
228
226
228
232
228
231
211
216
231
227
229
232
232
189
163
164
159
161
155
162
170
161
159
159
159
155
209
250
253
254
254
253
253
254
254
254
254
254
254
254
254
254
254
254
254
254
254
254
254
254
254
254
254
252
248
213
212
197
208
220
222
225
207
227
226
229
230
228
216
211
230
227
227
230
230
227
227
202
160
165
163
159
160
156
158
165
154
156
156
154
159
227
252
253
254
253
253
254
253
253
254
254
254
254
254
254
254
254
254
254
254
254
254
254
254
254
252
254
254
239
221
215
213
206
212
221
210
207
223
225
213
211
229
229
226
227
226
225
228
228
228
197
154
157
160
158
153
157
153
158
162
156
150
150
148
159
240
253
253
254
253
254
253
253
254
254
254
254
254
254
254
254
254
254
254
254
254
254
254
254
254
251
254
254
243
222
213
214
210
202
178
129
138
198
221
226
224
229
223
220
224
227
228
227
229
177
156
152
159
163
154
149
153
149
152
155
153
148
154
147
175
246
253
249
254
254
253
253
254
254
254
254
254
254
254
254
254
254
254
254
254
254
254
254
252
254
254
253
254
254
240
218
218
200
192
158
159
198
207
210
223
223
216
218
225
224
224
228
231
154
151
147
152
148
157
152
147
152
148
156
149
143
140
142
141
187
251
252
251
253
253
253
254
254
254
254
254
254
254
254
254
254
254
254
254
254
254
254
254
253
253
253
252
252
253
253
237
224
211
200
205
216
217
216
211
202
201
220
231
224
230
246
252
214
150
155
147
147
152
150
143
140
144
141
152
148
143
146
142
145
209
251
253
253
253
252
254
254
254
254
254
254
254
254
254
254
254
254
254
254
254
254
254
253
253
254
254
254
254
254
253
254
249
239
231
223
222
222
220
223
226
231
237
246
253
252
253
251
202
140
142
146
141
152
152
145
141
143
138
148
140
136
134
137
143
234
252
254
251
251
254
254
254
254
254
254
254
254
254
254
254
254
254
254
254
254
254
254
254
253
254
254
254
254
254
251
253
254
254
253
251
253
253
253
254
253
252
253
254
253
253
250
251
183
142
144
138
139
145
143
137
133
140
142
148
139
138
132
130
143
245
254
252
252
254
254
254
254
254
254
254
254
254
254
254
254
254
254
254
254
251
254
254
253
254
254
254
253
254
252
254
253
253
254
254
252
253
253
254
253
253
253
253
253
254
253
249
250
161
141
140
139
136
147
140
137
132
130
133
139
130
133
134
130
164
252
253
250
254
254
254
254
254
254
254
254
254
254
254
254
254
254
254
254
254
254
252
253
254
253
253
254
253
254
254
253
254
254
253
254
253
254
253
254
253
254
254
254
254
253
253
253
242
154
133
130
134
130
138
135
130
131
133
136
137
122
127
124
123
181
253
254
254
254
254
254
254
254
254
254
254
254
254
254
254
254
254
254
254
254
254
254
254
254
254
254
254
254
254
254
254
254
254
254
254
254
254
254
254
254
254
254
254
254
253
254
253
233
144
135
133
131
134
134
129
126
124
122
141
156
177
199
225
245
254
253
254
254
254
254
254
254
254
254
254
254
254
254
254
254
254
254
254
254
254
254
254
254
254
254
254
254
254
254
254
254
254
254
253
253
254
254
254
254
253
254
254
252
253
253
254
252
218
127
128
121
127
150
171
187
212
237
250
252
252
253
253
254
254
252
254
254
254
254
254
254
254
254
254
254
254
254
254
254
254
254
254
254
254
254
254
254
254
254
254
254
254
254
254
254
254
254
253
253
254
254
254
254
254
254
253
252
253
248
254
253
252
214
204
231
249
251
252
252
252
253
253
254
254
254
253
254
253
253
254
254
254
254
254
254
254
254
254
254
254
254
254
254
254
254
254
254
254
254
254
254
254
254
254
254
254
254
254
254
254
254
253
253
254
254
254
254
254
254
253
250
253
251
253
253
253
253
252
254
253
253
253
254
253
253
254
253
253
253
254
253
253
253
254
254
254
254
254
254
254
254
254
254
254
254
254
254
254
254
254
254
254
254
254
254
254
254
254
254
254
254
254
254
254
254
253
253
254
254
254
254
254
254
253
253
252
253
253
252
253
252
253
253
254
254
254
252
253
254
253
252
252
252
253
253
253
253
254
254
254
254
254
254
254
254
254
254
254
254
254
254
254
254
254
254
254
254
254
254
254
254
254
254
254
254
254
254
254
254
254
254
254
254
254
254
253
254
253
253
251
253
253
254
254
254
254
252
254
254
253
253
253
253
253
253
252
252
253
253
253
254
254
254
254
254
254
254
254
254
254
254
254
254
254
254
254
254
254
254
254
254
254
254
254
254
254
254
254
254
254
254
254
254
253
253
254
254
254
254
253
254
253
252
254
252
248
253
254
252
252
253
253
253
253
254
254
251
254
254
254
253
254
254
253
252
254
254
254
254
254
254
254
254
254
254
254
254
254
254
254
254
254
254
254
254
254
254
254
254
254
254
254
254
254
254
254
254
253
253
254
253
253
254
253
253
253
253
250
254
253
253
253
253
253
253
253
252
253
254
253
253
253
254
254
253
253
253
253
253
