160
156
155
156
159
160
160
165
171
165
145
110
88
90
91
90
96
100
99
97
96
97
99
103
105
107
107
105
104
103
101
102
98
97
102
99
89
79
77
81
81
78
72
61
55
53
49
47
47
81
136
129
74
45
37
33
34
33
31
69
90
66
53
47
158
155
156
158
160
162
167
165
151
123
93
86
91
92
89
93
98
99
98
96
94
96
98
99
101
103
103
103
102
100
99
102
98
94
96
90
82
75
74
74
75
75
70
64
60
53
48
47
42
54
108
150
156
149
138
131
116
104
96
107
126
109
83
72
155
154
156
158
164
165
155
131
96
80
84
87
88
88
85
90
95
97
98
95
95
99
102
103
101
98
95
94
94
92
93
94
87
81
80
73
67
63
57
53
61
68
66
66
68
70
83
79
64
55
70
107
140
150
153
160
163
164
175
179
177
168
180
190
154
153
157
163
167
157
140
126
119
121
123
121
119
120
117
116
118
121
121
120
123
125
129
128
126
121
116
114
114
113
112
111
106
100
99
93
89
87
83
78
92
113
114
112
117
112
116
118
110
84
64
64
67
61
60
66
75
85
96
113
125
131
158
178
158
161
166
166
163
158
157
160
162
163
162
160
158
158
158
158
158
158
160
162
162
162
163
163
162
163
161
160
160
161
160
160
160
161
160
159
159
157
157
156
158
161
161
163
164
159
154
156
157
150
144
145
145
144
142
139
137
132
127
126
127
126
129
133
170
170
165
160
159
161
163
165
166
167
168
167
167
165
164
167
168
170
173
173
171
173
174
172
172
173
173
173
174
175
175
175
177
178
179
180
179
176
173
175
173
171
171
174
177
178
176
175
173
172
171
175
178
179
179
177
178
176
174
174
174
175
175
173
167
163
158
159
159
159
161
162
160
159
159
159
160
160
160
160
164
168
170
169
169
170
172
171
170
171
172
172
173
173
174
175
175
177
180
182
180
177
175
177
177
178
178
180
180
180
179
178
176
174
174
173
177
179
179
175
178
178
179
180
183
183
185
184
131
126
128
127
125
124
126
126
124
122
121
121
122
123
123
121
124
127
128
128
130
131
132
132
134
134
135
136
137
137
137
139
140
138
142
144
144
143
142
144
146
148
149
148
151
151
148
149
144
159
151
163
159
158
159
158
161
160
157
154
151
154
144
138
94
91
92
89
89
86
86
82
79
78
80
80
80
80
78
75
79
80
80
81
81
79
77
79
79
77
77
78
81
82
81
82
81
82
88
87
86
86
82
85
90
85
83
90
104
82
82
79
113
104
120
129
105
101
87
89
93
103
97
93
88
68
58
53
102
99
100
99
99
98
96
92
89
91
91
93
92
90
87
86
90
91
90
92
92
90
89
90
89
87
85
88
89
91
89
90
87
92
98
97
96
97
108
107
96
92
99
106
103
113
102
87
100
82
67
48
40
45
48
44
43
48
51
48
46
46
48
49
106
105
105
105
104
103
103
98
98
99
99
98
99
98
95
98
99
100
98
99
98
97
98
97
96
95
96
98
100
100
101
102
99
100
111
108
121
114
128
116
106
114
114
108
109
85
80
68
62
48
37
49
54
53
46
45
51
53
45
50
50
54
54
59
106
104
103
103
102
102
103
100
99
99
100
100
99
100
98
98
102
101
99
99
97
97
99
99
99
97
97
100
102
103
102
101
99
100
91
126
131
108
94
84
83
71
81
68
68
81
67
70
67
67
78
64
54
45
45
55
57
49
53
51
51
57
60
68
106
103
104
104
103
103
105
103
102
101
102
101
101
101
101
100
102
100
99
99
98
98
99
99
97
97
97
99
99
102
102
100
93
81
101
133
107
91
101
94
89
79
83
67
54
56
56
59
59
60
75
71
54
66
86
65
54
57
56
51
49
54
60
66
113
113
112
111
111
111
113
112
108
107
108
107
107
107
107
106
109
106
102
100
97
94
95
97
99
101
103
104
110
109
109
104
128
127
139
90
75
80
80
78
80
73
60
61
69
74
64
59
48
68
86
65
76
79
67
64
58
61
60
58
59
65
67
82
122
121
120
120
119
119
120
118
114
113
114
114
115
114
109
107
108
105
108
112
112
114
108
94
90
101
110
113
119
116
116
119
148
175
133
54
67
73
82
85
79
76
69
89
107
122
113
100
118
88
64
65
50
49
53
54
54
56
57
59
65
70
62
66
126
125
124
124
122
122
123
121
117
116
117
118
117
116
125
149
164
171
185
185
186
198
202
190
161
116
95
102
110
115
127
148
153
127
67
67
103
102
111
107
103
101
81
89
93
102
119
82
88
108
94
73
65
58
49
47
51
50
47
47
55
85
98
84
130
127
127
127
125
124
125
123
121
119
121
121
123
136
146
140
129
125
135
151
157
167
177
185
197
197
175
170
143
122
113
108
130
63
81
106
94
71
80
83
108
121
97
81
95
93
108
120
92
104
98
71
75
64
50
55
58
58
51
49
58
61
72
85
131
129
129
128
126
125
125
124
123
121
123
122
115
104
100
99
98
101
109
126
136
150
139
133
157
172
189
170
152
135
102
90
72
62
68
67
46
48
50
49
56
74
117
102
86
113
105
122
117
106
87
77
81
92
73
62
69
76
75
52
62
66
70
78
129
130
130
128
125
125
128
125
124
129
121
110
112
110
110
109
107
104
106
103
107
121
124
131
125
126
125
110
110
125
134
102
69
67
67
64
57
47
41
45
61
93
71
89
126
128
105
122
134
106
115
111
95
87
91
80
83
79
116
89
66
73
72
61
130
130
130
129
127
128
128
127
129
121
109
112
113
112
113
114
116
109
112
109
110
123
117
112
126
125
116
117
126
127
96
72
83
71
87
93
91
57
70
78
52
52
72
156
161
160
156
90
115
110
129
135
124
118
118
129
115
74
81
125
101
107
85
64
133
131
130
129
128
127
127
132
119
110
115
117
115
115
118
123
120
118
118
117
135
130
119
131
125
122
123
122
114
76
64
70
87
98
114
111
89
50
79
104
80
82
142
173
145
143
76
50
73
126
99
103
127
123
130
104
102
77
80
96
83
77
81
83
133
133
131
130
128
128
128
136
121
116
120
115
117
122
128
124
123
121
121
137
132
126
135
128
121
124
127
122
72
60
69
75
58
49
67
75
96
113
128
77
42
127
152
118
112
60
46
51
47
63
90
112
95
83
127
95
87
114
61
48
46
44
43
69
132
132
131
129
129
129
129
126
122
123
119
118
126
133
134
126
127
122
142
139
129
138
130
127
125
126
120
79
56
50
53
54
64
54
43
44
53
79
85
44
81
123
111
80
50
53
55
58
66
63
58
66
95
107
97
83
53
58
47
44
41
43
47
70
132
132
131
130
128
127
130
132
129
127
123
127
133
138
133
128
120
144
144
133
142
134
128
130
128
122
90
61
60
64
65
59
49
59
50
47
42
35
51
111
181
133
66
50
48
52
51
53
54
57
57
56
48
51
56
82
59
49
45
40
43
48
75
100
133
131
131
132
129
127
141
138
131
132
130
135
137
138
132
119
148
150
139
147
139
134
132
136
124
86
67
46
53
58
50
55
70
46
43
42
65
101
144
161
113
49
48
51
51
53
52
52
52
52
54
57
57
63
58
77
65
45
42
50
74
66
104
115
133
131
131
126
125
128
144
144
135
134
134
139
140
137
120
152
162
146
150
147
143
142
138
127
105
77
79
65
52
52
55
49
51
45
50
97
142
184
162
74
38
53
58
61
60
60
54
50
50
51
52
54
50
51
54
55
50
50
68
95
95
78
117
121
132
131
130
123
122
128
154
152
142
137
137
142
138
124
143
174
163
163
157
149
149
146
132
119
78
59
55
69
60
58
66
63
44
81
134
172
186
116
46
43
53
57
55
56
59
60
57
55
51
50
55
58
58
54
51
55
70
90
112
118
74
102
125
125
130
129
130
126
121
135
168
161
155
149
145
144
138
140
180
171
173
173
168
159
156
136
123
100
63
69
74
66
79
64
55
70
126
159
185
177
93
59
69
79
89
98
96
85
74
68
58
57
59
56
55
59
53
58
79
102
116
124
115
74
82
124
127
127
131
130
130
125
121
140
179
170
170
164
162
160
152
176
183
175
179
172
168
165
160
126
105
79
49
54
61
84
77
63
89
149
178
191
174
107
106
117
113
110
111
115
114
104
93
77
63
62
57
55
64
83
100
105
122
126
119
98
71
91
126
127
128
129
131
129
129
126
119
135
177
176
178
179
182
170
172
193
183
179
181
175
167
170
162
127
87
68
78
66
50
41
51
117
156
184
197
178
123
129
133
131
131
129
127
126
127
128
119
104
79
59
67
64
62
65
70
75
81
81
84
94
119
135
134
132
131
131
132
132
134
129
125
127
177
183
184
185
185
176
196
191
183
188
182
171
173
169
157
141
134
97
74
59
53
58
128
159
169
177
156
104
136
151
152
146
142
138
136
134
134
131
125
117
105
64
78
111
107
107
101
104
108
117
128
135
136
137
138
136
134
135
132
130
132
130
129
122
166
191
188
190
182
194
201
189
194
189
177
176
175
170
161
138
108
84
86
75
71
118
172
182
180
168
73
63
128
157
168
161
154
148
146
142
140
139
133
128
125
99
99
128
123
122
130
131
134
134
138
140
140
139
139
138
137
135
132
130
130
130
130
123
140
195
192
192
190
207
199
194
196
189
183
181
173
166
161
151
91
86
66
88
106
144
160
170
179
130
56
76
117
152
175
175
164
153
150
147
140
140
144
137
135
121
116
130
127
132
135
135
137
139
141
142
141
141
140
140
139
137
129
129
129
127
127
126
119
168
199
192
201
204
198
203
197
192
192
181
178
166
164
154
88
61
75
119
156
179
176
175
132
122
60
95
139
150
175
177
169
160
155
154
148
121
131
140
139
136
128
136
137
139
139
137
136
137
138
140
141
143
143
143
141
141
129
128
128
127
127
128
125
124
187
197
208
203
201
204
199
196
195
187
182
172
168
153
63
49
131
179
185
182
177
164
132
109
79
185
168
158
174
169
164
157
156
157
151
122
117
132
144
149
143
142
139
139
140
140
138
135
135
137
138
140
143
145
144
144
129
127
126
126
125
127
128
117
136
203
210
205
204
204
201
199
197
189
179
178
170
137
55
119
178
192
177
165
162
161
151
92
79
107
149
154
156
151
143
132
137
151
149
129
121
127
150
164
156
144
139
143
146
145
143
139
137
137
136
137
140
144
145
145
128
127
128
126
125
126
126
122
103
169
225
210
207
204
202
201
194
182
185
182
169
142
126
171
186
181
174
171
161
170
176
126
124
114
122
133
140
140
130
128
119
138
153
126
138
131
159
168
160
145
151
157
154
151
148
145
143
143
139
137
139
141
146
146
127
127
127
127
126
126
125
121
112
105
168
222
212
205
204
201
189
187
188
179
164
160
180
189
181
178
173
169
178
180
178
166
143
134
130
128
127
127
122
127
107
149
186
137
155
137
157
164
159
169
173
168
162
158
156
153
150
148
145
141
139
140
144
148
121
121
123
124
124
122
121
117
114
105
88
135
215
212
207
204
200
196
185
177
164
177
193
193
181
175
176
187
194
194
188
180
176
185
189
180
171
163
152
142
125
171
197
142
147
147
148
127
145
195
189
179
172
168
164
160
157
154
151
147
144
142
145
148
109
112
116
117
117
116
115
112
110
105
98
78
143
221
218
206
202
195
182
170
174
191
195
189
184
182
190
199
200
199
193
191
199
172
174
199
205
206
207
205
178
179
178
133
139
122
74
51
80
197
195
186
180
177
174
170
165
161
158
154
151
148
148
150
119
109
106
107
109
110
108
106
104
102
97
90
73
112
189
216
204
194
182
172
185
195
194
191
190
190
194
200
205
204
198
189
119
70
127
153
163
161
161
159
152
148
143
126
85
48
45
53
53
156
206
195
191
187
185
182
177
172
167
162
159
156
153
155
150
138
125
122
120
118
117
117
115
113
111
110
106
93
89
136
202
196
176
183
194
190
192
192
191
173
195
205
213
212
209
144
69
102
133
127
139
143
142
140
136
119
84
53
44
48
54
59
53
87
206
206
200
199
197
195
191
186
180
174
168
165
162
162
158
157
153
149
144
140
140
141
144
147
146
146
146
144
142
134
157
188
187
193
196
192
197
201
148
84
122
150
178
198
192
105
63
112
93
107
128
129
124
107
75
50
44
48
49
53
55
53
51
39
130
219
210
208
207
204
201
197
194
189
181
176
173
168
151
157
162
160
155
148
144
145
149
155
154
155
155
155
153
157
151
154
190
198
194
198
201
192
106
100
77
56
70
97
95
86
60
44
58
76
83
75
60
46
45
52
59
62
61
61
63
70
72
71
61
145
222
219
212
209
208
207
205
200
195
189
183
179
153
157
161
160
157
154
148
146
144
148
151
153
154
153
154
154
145
174
200
199
194
201
206
161
117
122
108
79
51
41
37
45
46
45
49
49
54
54
60
63
66
74
74
75
76
79
84
88
90
87
76
55
105
186
220
222
216
213
211
208
205
200
194
191
154
158
161
159
157
155
153
149
141
125
115
120
121
122
123
112
124
195
202
197
200
205
191
105
149
157
149
142
135
122
106
93
88
86
83
78
70
63
56
50
48
52
54
58
64
68
72
76
80
77
71
63
42
38
76
129
179
211
220
218
213
210
205
200
152
155
157
158
157
154
152
150
146
126
83
53
50
55
54
48
160
203
202
199
202
211
153
97
167
171
78
59
67
76
93
105
113
119
128
137
139
141
137
130
116
97
81
70
66
68
68
72
81
86
85
88
92
99
103
110
125
128
132
170
199
214
216
211
153
154
155
155
155
154
152
144
145
147
134
104
64
40
33
123
201
205
198
203
207
191
105
129
184
89
37
46
51
54
58
58
60
65
64
58
53
60
72
86
100
114
126
136
145
149
150
150
146
142
146
148
148
150
151
150
145
95
79
95
99
116
143
178
155
153
152
154
156
154
150
144
142
144
147
145
127
78
98
196
207
202
204
194
174
128
100
176
103
40
53
56
59
61
62
57
52
50
47
46
44
48
54
69
96
123
137
144
150
153
154
150
119
126
144
147
146
147
144
143
144
113
82
102
104
93
84
88
154
152
151
153
155
152
146
144
144
145
145
145
146
140
194
211
205
203
196
167
153
124
171
101
40
52
57
59
57
53
51
49
48
46
55
66
87
110
131
146
153
154
154
154
154
154
156
152
123
121
139
143
143
143
142
139
144
130
78
86
99
104
107
97
177
156
147
150
152
147
142
141
142
142
143
142
140
149
210
215
205
211
211
189
174
170
104
43
54
54
50
48
47
47
48
57
70
97
120
135
144
155
157
157
155
154
153
151
152
154
153
150
132
114
133
141
141
139
138
138
142
138
79
61
86
102
115
115
219
203
171
147
144
144
141
140
141
143
144
143
145
149
197
226
223
217
199
146
89
49
41
49
49
47
45
45
50
72
102
122
138
147
150
154
157
157
155
152
150
151
149
148
150
153
152
151
138
109
123
137
138
135
133
134
135
140
93
36
66
104
118
125
187
216
219
196
161
141
139
141
143
145
145
150
148
98
59
92
98
78
53
41
43
47
48
49
48
50
64
90
119
138
142
148
155
157
155
154
153
152
153
150
150
148
148
148
147
150
151
149
144
110
110
129
133
130
123
123
130
147
137
120
128
123
110
119
106
139
195
223
217
191
154
137
143
148
154
128
66
40
46
43
44
47
48
49
49
51
45
53
72
101
122
137
149
157
160
160
157
154
151
150
150
149
150
149
148
147
145
146
146
146
146
144
142
115
97
120
125
126
146
160
149
136
154
189
204
136
100
128
117
108
112
158
212
227
213
177
153
151
100
48
40
51
55
52
51
48
47
46
47
57
80
118
143
143
146
151
158
163
160
156
154
152
151
151
150
147
146
148
146
145
144
144
144
143
141
138
135
117
111
123
131
173
213
213
188
159
184
202
147
81
105
111
121
119
114
107
124
176
222
232
193
77
38
47
55
55
54
48
47
47
47
54
89
128
147
152
158
165
167
160
151
160
160
155
154
152
153
150
148
146
144
145
143
141
138
136
134
130
126
123
122
114
100
131
167
204
212
213
214
217
207
155
70
74
90
88
121
120
120
120
110
104
146
174
84
38
48
54
51
51
52
49
48
50
77
119
149
152
155
163
165
164
163
163
151
158
163
156
155
153
152
149
145
144
139
135
134
139
143
145
151
154
156
170
189
193
189
206
215
216
217
203
182
160
113
64
62
80
92
84
121
120
121
121
121
120
84
40
39
50
52
49
49
51
52
49
51
102
144
151
153
158
160
160
163
163
163
162
153
153
160
158
154
152
150
146
141
134
135
154
175
186
191
199
208
216
219
221
215
208
211
215
214
199
163
131
113
98
74
70
82
101
80
82
124
122
123
123
130
90
42
45
51
51
48
51
51
49
48
85
136
152
152
158
160
157
158
159
161
162
162
162
155
146
154
154
153
151
145
140
133
149
181
196
197
199
204
209
212
213
214
211
210
208
209
188
144
108
93
100
99
92
83
89
98
78
72
95
123
123
128
132
89
43
46
54
53
48
50
49
51
57
110
148
152
156
160
160
157
155
157
157
158
159
160
162
159
146
149
154
152
148
140
135
164
193
195
194
200
206
208
208
210
214
213
213
209
207
145
78
81
91
100
103
94
83
93
96
76
75
102
126
125
125
134
91
43
50
54
50
48
51
50
58
76
129
147
151
159
159
158
159
157
156
155
156
156
158
160
159
159
147
145
155
153
144
135
164
196
193
194
203
206
206
207
208
211
213
212
212
204
146
65
81
96
108
110
99
90
97
94
83
91
110
116
93
124
130
93
46
51
57
52
49
48
53
63
92
136
144
154
160
157
157
157
157
157
155
154
154
155
157
157
158
156
149
143
150
147
136
146
189
195
194
203
206
207
208
208
211
212
209
210
209
149
59
72
94
106
99
94
97
100
94
95
102
106
102
82
53
124
96
46
45
51
50
47
48
51
52
86
141
149
157
161
159
156
155
156
157
157
155
153
154
154
154
155
156
155
152
142
143
142
131
168
191
190
199
207
205
208
209
211
212
211
206
210
195
72
56
86
102
96
96
103
99
93
95
95
87
80
68
57
56
134
48
47
52
50
45
45
48
42
89
149
149
161
163
157
157
155
153
155
156
156
154
153
153
152
152
152
152
151
151
143
134
135
142
183
189
193
203
204
207
206
209
211
212
209
206
212
156
50
81
86
91
100
103
96
88
94
79
60
58
65
58
55
88
