226
226
225
227
228
228
230
233
237
238
225
192
159
159
158
159
169
173
173
170
169
170
172
176
179
180
180
176
177
177
175
176
171
170
174
171
158
143
137
144
146
143
136
120
108
103
98
93
93
129
169
161
115
87
79
75
75
75
73
123
142
112
97
90
225
226
227
229
228
229
234
236
229
203
168
156
162
162
159
165
173
174
172
169
167
169
169
174
176
176
177
176
175
174
174
175
171
166
168
159
150
140
131
134
141
143
136
126
121
110
99
92
86
102
153
176
179
174
166
159
147
136
131
147
163
147
124
113
223
225
226
227
230
232
230
214
175
151
155
159
160
158
156
163
171
174
175
171
170
177
182
184
181
175
171
168
167
166
168
169
160
151
150
142
133
124
114
111
123
133
130
130
130
130
145
139
119
109
126
152
173
178
180
185
186
185
196
200
196
189
202
215
222
224
226
230
233
230
222
209
198
200
201
200
198
197
195
195
199
205
203
200
203
210
215
214
211
206
197
193
192
191
190
189
184
177
176
168
161
159
153
148
163
183
181
178
182
182
189
193
181
151
127
125
125
114
114
119
126
136
143
155
164
168
190
209
226
228
230
231
231
230
229
231
234
235
235
233
232
231
231
231
231
231
232
233
233
233
234
233
233
234
232
231
231
231
230
231
231
232
231
230
229
229
228
229
229
229
228
228
228
227
224
226
226
222
218
217
216
215
214
212
210
207
201
199
198
197
198
200
234
235
231
227
228
230
231
234
235
236
236
236
234
233
233
235
235
236
239
238
236
237
238
237
235
237
237
237
237
236
236
238
239
239
239
239
239
237
235
237
236
235
236
236
237
237
236
235
234
234
235
236
238
238
239
237
238
237
235
235
234
235
237
235
235
234
230
230
231
232
234
235
235
234
233
233
233
232
232
233
235
237
239
238
237
239
240
239
239
239
240
239
239
238
239
240
239
239
241
243
242
240
239
241
241
241
241
241
240
240
240
239
238
236
237
236
238
239
239
233
237
237
238
238
240
241
243
242
204
203
203
205
205
204
207
207
207
204
203
203
202
201
201
200
203
206
207
207
208
209
211
212
212
214
215
215
214
213
215
215
216
216
219
222
221
221
222
223
223
224
225
225
221
220
223
224
219
222
222
231
230
231
233
227
230
231
229
221
216
219
204
195
161
162
161
161
161
159
159
153
148
148
149
149
149
148
146
142
150
152
151
152
151
150
148
148
148
147
147
149
149
150
150
151
152
156
163
164
162
159
156
158
161
158
156
161
169
151
154
149
166
157
176
176
154
150
136
138
146
158
153
145
138
115
101
97
171
173
174
174
173
172
172
165
159
161
163
162
162
161
158
156
161
163
164
164
164
161
160
162
160
158
156
158
160
160
159
160
159
167
176
175
173
169
172
173
170
165
168
173
171
173
160
142
144
123
108
90
79
83
89
85
85
88
92
89
86
84
87
89
177
179
180
179
178
178
179
174
170
170
172
171
171
171
169
172
175
175
174
175
173
172
172
172
171
170
170
173
174
174
174
176
176
179
192
191
192
192
185
177
174
182
177
171
167
139
126
109
101
85
76
91
95
94
89
88
92
94
86
91
91
95
95
99
178
178
177
177
176
176
178
176
172
172
173
173
173
173
170
174
179
178
175
175
174
173
176
175
175
174
173
176
178
179
176
177
178
178
157
194
185
158
139
134
131
116
125
110
109
117
106
108
111
110
116
105
94
85
86
95
98
88
93
92
93
98
101
112
177
178
179
179
178
178
183
180
176
174
175
175
175
174
172
176
180
177
175
176
175
175
178
176
173
175
175
176
176
179
179
178
174
154
155
187
146
130
140
131
129
117
119
105
93
93
92
97
101
102
111
111
95
103
120
104
93
96
94
91
89
93
97
106
186
187
188
187
187
188
193
190
185
182
183
183
183
184
182
183
187
184
181
179
175
173
176
176
177
180
182
182
187
188
189
183
194
180
190
131
112
123
116
114
113
109
98
98
106
108
101
95
85
109
126
105
115
115
104
104
98
99
98
98
98
103
104
118
196
196
196
197
196
197
201
199
193
191
191
192
193
192
187
186
187
182
183
183
181
182
179
169
167
179
189
192
197
197
199
197
215
231
173
96
107
108
112
115
112
112
108
121
131
143
137
128
140
119
100
102
90
92
94
94
92
96
98
100
103
106
99
107
203
203
202
202
199
199
204
202
196
195
196
198
196
192
196
211
224
229
239
241
242
247
248
238
216
184
173
183
192
196
206
221
227
192
104
104
134
129
134
132
131
129
116
124
125
129
141
114
122
135
127
107
101
97
90
89
91
90
88
87
94
120
130
121
205
205
206
205
203
203
206
204
200
199
201
201
202
208
213
211
203
202
213
225
229
233
239
244
249
243
224
223
208
200
179
165
193
114
114
135
127
108
115
115
134
145
127
115
128
122
133
142
122
129
126
105
111
102
90
95
96
96
89
89
98
98
106
120
205
206
207
206
205
204
206
205
204
203
204
200
192
181
177
175
173
176
186
207
216
226
219
211
223
230
241
228
216
208
164
141
123
101
105
103
87
92
93
91
97
111
150
130
118
141
143
149
138
130
117
110
115
125
108
99
104
111
107
92
102
101
106
113
204
207
208
206
205
206
209
208
207
211
202
187
187
185
187
186
183
181
183
181
186
202
201
202
196
198
200
186
188
202
197
165
107
106
105
102
96
88
83
89
108
148
119
130
180
173
151
168
157
132
141
139
125
119
121
111
112
110
140
118
103
109
109
102
205
207
208
206
207
208
211
210
206
198
187
186
187
189
191
191
193
186
190
186
186
199
189
182
199
197
186
188
201
192
160
119
119
108
122
123
124
98
122
128
92
92
121
199
219
212
196
129
147
142
154
155
150
143
142
152
138
105
117
148
131
136
119
104
208
208
209
208
209
208
210
207
191
185
189
190
188
190
193
197
196
195
196
191
206
199
187
204
197
192
192
196
185
133
102
108
124
131
141
138
120
98
134
163
123
124
184
209
195
195
118
87
104
155
134
135
154
147
155
136
132
110
119
132
117
113
115
118
210
211
210
209
207
208
209
200
189
189
191
185
187
193
201
197
196
197
195
207
202
194
207
198
193
191
197
195
127
101
104
111
96
90
105
110
140
167
181
126
87
172
196
175
157
98
87
93
87
100
127
146
131
119
153
128
121
142
104
92
88
83
82
113
208
210
210
210
208
209
209
192
187
192
190
187
194
201
203
196
199
192
209
206
196
209
200
198
197
194
185
137
103
93
96
95
104
96
88
89
98
123
136
85
123
179
163
120
91
97
102
108
119
116
107
105
127
134
125
122
95
102
94
88
83
86
99
139
207
210
210
209
209
210
205
190
190
193
190
194
199
204
202
200
190
209
210
200
211
203
197
200
195
190
144
108
103
107
109
99
91
102
97
92
82
75
96
161
223
173
108
99
96
97
98
100
100
102
103
99
94
98
105
126
105
96
89
83
89
99
145
181
208
208
210
210
210
209
200
193
190
195
195
200
203
203
200
189
209
212
204
212
205
200
201
208
192
142
114
89
97
102
94
98
108
92
89
82
107
157
200
207
155
90
97
103
102
100
99
99
98
98
101
103
108
114
109
124
112
92
88
103
137
125
184
201
207
207
210
209
208
208
196
198
194
196
198
204
206
204
186
206
217
206
211
209
205
207
206
193
163
120
123
108
96
97
98
94
96
86
95
152
199
224
191
115
85
98
110
116
113
111
103
97
97
97
95
95
95
96
101
103
97
100
128
169
168
143
201
206
203
207
208
205
203
203
199
201
196
195
198
205
202
191
197
220
213
216
213
209
211
210
193
180
123
99
97
111
103
101
107
101
87
129
187
220
217
147
88
90
101
105
105
109
111
111
110
106
98
96
98
102
103
98
97
109
132
162
192
202
138
179
209
209
204
206
207
205
202
201
205
204
202
201
204
206
202
196
219
217
219
218
216
213
216
194
182
147
105
110
116
105
119
105
94
116
180
208
222
210
146
122
136
147
158
165
159
145
130
120
110
108
108
104
102
105
103
112
144
179
197
207
197
138
150
208
211
210
203
205
206
204
201
200
210
207
209
207
210
213
206
215
221
217
220
216
215
218
217
181
161
125
93
97
105
122
112
100
140
204
224
223
209
182
193
204
199
195
200
204
201
190
169
142
119
114
108
105
116
144
173
183
205
210
198
170
131
159
210
211
213
215
207
206
206
204
199
197
208
210
212
215
219
214
211
225
219
218
219
217
216
220
214
177
133
113
120
110
96
84
93
172
209
224
226
213
198
213
217
218
219
217
217
217
218
218
209
189
152
116
126
121
114
119
131
139
148
146
146
161
196
219
218
215
216
218
208
208
209
205
203
198
210
214
216
218
219
212
223
221
219
221
218
215
219
219
210
190
174
132
117
106
96
101
185
217
217
215
197
175
215
224
227
226
225
224
224
222
223
221
214
203
188
132
143
187
180
179
172
178
185
196
209
219
221
220
221
219
220
221
207
207
207
206
204
198
207
219
219
220
216
222
226
219
223
221
216
217
219
219
216
188
146
122
123
112
112
171
221
221
216
209
138
128
202
227
232
231
229
227
227
225
225
225
220
214
212
180
170
208
204
201
214
219
220
220
221
222
222
222
222
222
221
221
205
206
207
206
204
202
199
222
222
222
218
229
224
222
223
220
219
220
218
216
214
205
128
123
100
115
140
181
197
200
211
201
119
133
192
223
233
235
231
228
227
226
225
224
225
220
218
202
189
208
205
212
218
219
221
222
223
224
224
224
223
223
223
222
204
205
206
204
204
204
196
208
223
220
224
227
223
227
224
220
223
219
218
214
214
205
128
95
107
160
192
212
206
209
192
196
117
138
199
219
232
234
233
230
228
228
227
206
217
223
219
213
200
211
215
218
219
220
221
221
222
224
224
224
224
224
223
224
202
203
205
204
205
205
201
190
215
220
228
226
225
227
222
223
224
220
219
215
218
206
105
83
178
219
219
216
212
215
202
183
130
215
219
220
231
232
231
228
227
228
226
206
211
219
221
222
216
217
218
218
220
220
220
220
219
221
223
224
224
224
224
225
202
203
204
204
204
205
205
194
190
224
231
227
226
226
223
225
223
221
216
217
219
186
90
161
219
223
211
204
209
226
215
165
145
176
218
220
225
225
222
214
218
224
222
213
221
217
223
229
223
216
215
219
221
221
221
220
220
220
220
221
223
223
224
224
203
203
205
205
205
205
205
199
178
201
240
229
227
226
224
224
221
215
216
216
216
192
166
214
219
212
209
209
223
231
233
196
208
200
208
215
220
221
215
214
206
220
223
209
223
221
227
231
224
216
220
224
224
223
222
221
221
221
220
220
220
221
223
225
200
202
205
205
205
206
205
200
190
171
201
236
230
225
224
223
217
216
216
215
210
209
221
221
214
211
208
217
233
234
235
231
223
219
216
217
218
215
212
215
192
223
234
219
229
224
226
228
221
224
226
226
225
224
224
223
222
222
222
220
220
221
223
224
191
193
195
198
201
201
200
195
191
179
157
178
231
230
225
223
222
220
217
215
208
218
225
222
214
209
210
231
237
237
237
236
237
241
238
234
230
228
224
222
211
225
236
218
223
223
217
195
198
233
230
228
227
226
225
224
223
222
222
222
220
221
222
223
177
182
187
190
192
191
191
189
184
179
170
145
180
235
233
224
222
221
215
210
214
225
224
220
216
211
225
238
238
238
237
238
242
218
219
233
236
237
238
241
232
228
229
209
216
189
130
99
116
229
234
231
230
228
227
226
224
223
223
222
222
221
222
223
192
178
174
179
183
184
182
179
177
174
166
158
140
159
210
228
223
217
212
209
221
225
221
220
220
222
234
239
241
241
239
239
175
124
193
220
223
222
223
222
220
221
218
195
142
93
85
88
86
186
244
236
234
230
229
228
226
225
224
224
223
223
223
225
217
208
194
192
194
194
192
194
193
189
187
186
182
169
158
184
220
216
206
215
224
219
218
218
219
217
239
243
246
245
246
204
127
146
190
206
219
220
220
219
216
190
141
98
87
92
98
102
96
122
238
243
240
237
235
232
230
228
227
226
225
225
224
225
221
223
220
218
215
212
214
217
222
223
223
223
223
222
220
212
219
222
215
222
223
219
222
225
182
142
192
219
236
245
240
171
121
169
160
184
212
214
207
181
133
93
83
90
95
101
103
102
97
79
158
249
244
241
240
237
234
232
230
229
227
226
225
224
220
224
227
226
222
217
215
218
223
229
229
230
229
229
228
230
230
226
223
224
221
223
226
219
148
144
126
115
139
171
166
157
119
100
120
145
152
141
115
91
86
95
104
111
114
115
117
123
124
121
107
177
248
247
241
240
239
238
236
233
230
228
226
225
221
225
227
226
223
221
218
217
217
222
227
227
228
228
228
229
223
221
225
224
221
225
230
197
159
162
149
125
97
86
85
96
98
93
97
101
106
105
111
117
121
130
133
132
135
139
143
145
145
140
127
105
145
216
246
249
244
241
240
237
235
232
229
228
222
227
228
225
224
223
221
219
214
202
190
193
198
199
198
187
183
223
227
222
224
227
220
166
210
212
200
189
180
169
153
139
135
134
130
125
121
115
108
103
102
107
110
114
119
126
131
135
138
135
128
119
97
88
116
166
214
242
247
245
241
237
235
232
222
225
226
226
225
223
222
222
219
204
153
109
102
110
109
93
186
226
225
223
224
231
196
162
231
227
134
110
113
125
142
154
163
168
174
182
186
190
187
180
164
145
128
117
114
117
120
125
135
140
139
141
148
156
163
170
187
187
180
209
231
241
242
239
222
224
225
225
224
224
223
219
219
222
211
174
123
91
79
149
224
226
223
226
228
222
166
192
236
135
83
94
99
100
103
105
108
113
112
107
103
108
117
131
147
164
179
192
201
204
202
201
199
198
201
202
203
204
202
199
191
150
139
153
154
164
184
213
221
222
222
223
224
225
224
220
220
223
225
223
207
149
134
219
229
225
226
223
215
183
164
222
146
88
103
106
107
108
108
104
100
97
94
92
91
96
102
119
151
184
203
209
212
210
206
200
176
183
194
195
196
198
194
191
191
165
141
161
161
146
135
138
220
219
219
221
223
223
221
220
221
223
224
224
226
214
221
231
227
225
223
211
204
182
215
143
87
101
106
107
105
100
97
96
94
91
102
115
140
167
190
205
211
211
208
206
204
202
201
197
178
180
190
191
192
194
192
187
190
179
135
143
154
157
156
147
231
220
215
218
221
218
216
217
218
220
221
221
222
220
231
234
227
231
232
225
217
204
140
90
101
101
97
95
95
94
93
103
117
147
173
189
199
207
210
209
206
205
203
203
202
202
199
195
181
172
184
189
190
188
187
186
187
183
129
113
139
152
166
170
252
245
229
216
215
216
215
216
217
220
222
222
225
227
226
242
241
236
221
178
125
89
86
97
96
95
94
93
96
118
151
174
192
202
203
206
208
208
209
205
202
203
200
199
200
202
199
194
184
164
176
185
186
183
180
179
179
184
140
80
118
161
182
197
230
251
253
242
224
214
213
216
218
221
223
230
228
165
101
122
130
112
94
85
87
92
94
96
95
96
110
138
170
192
197
202
208
210
208
207
205
204
205
203
201
199
198
196
195
196
195
193
188
164
165
176
179
176
171
172
181
200
192
170
184
188
182
196
170
196
237
254
251
239
221
213
217
224
233
203
124
84
90
88
89
91
94
95
93
96
92
95
118
151
173
189
201
207
211
214
211
208
205
203
202
201
201
200
198
197
196
195
194
192
189
186
184
163
150
166
173
180
199
213
211
203
212
238
248
194
168
206
184
176
178
210
246
254
249
234
224
227
164
94
85
100
103
100
98
95
93
93
93
102
128
172
202
199
197
202
207
210
209
209
209
207
204
203
201
198
196
198
196
195
194
194
194
189
184
180
175
162
169
186
195
226
249
249
237
217
232
247
207
141
174
185
189
188
183
177
186
223
252
255
242
134
82
93
104
104
100
96
95
95
95
101
140
185
207
209
212
215
215
209
201
206
208
207
209
207
205
202
198
196
194
194
193
190
188
187
183
178
170
165
164
159
159
196
223
245
248
248
249
252
251
212
128
135
154
147
188
190
191
190
183
174
206
216
130
81
96
103
99
97
98
95
96
99
128
175
210
211
210
213
214
213
212
212
201
205
210
206
208
207
205
200
195
193
189
186
185
190
195
198
203
203
200
208
226
233
232
243
248
249
250
245
235
225
185
127
119
139
147
133
192
190
191
192
192
190
147
86
81
96
100
95
97
97
98
95
97
158
205
211
209
212
213
212
213
213
212
211
203
202
208
207
206
206
204
198
191
183
185
204
223
234
239
242
245
247
248
249
248
247
247
248
249
242
222
204
193
174
140
131
142
154
132
134
195
193
191
193
202
152
86
89
98
100
94
98
97
95
93
134
191
211
210
212
213
212
212
211
211
212
212
212
206
193
201
203
204
204
198
190
182
198
226
241
242
242
242
242
242
243
244
244
244
244
247
233
200
175
167
175
172
161
149
149
153
131
126
150
194
195
199
205
152
88
91
101
100
95
97
93
94
100
160
205
208
212
215
215
211
210
210
208
209
210
210
212
208
193
195
201
201
198
190
182
209
237
240
239
240
241
241
241
241
242
243
243
245
246
197
135
145
160
171
176
164
149
154
152
130
128
153
173
195
199
210
155
88
93
100
97
94
95
92
99
121
181
204
206
214
214
213
213
211
210
208
207
207
208
209
210
208
196
191
201
200
192
183
208
238
238
237
239
239
239
240
240
240
241
242
243
244
198
120
143
161
177
181
169
156
159
152
139
145
160
162
139
195
205
155
89
95
101
97
94
93
96
106
137
189
199
206
214
212
212
211
211
210
209
207
207
206
207
208
209
208
200
190
195
194
182
191
231
237
236
238
238
237
238
238
238
239
239
241
245
202
112
130
158
173
165
159
160
161
151
150
154
155
149
130
100
195
159
89
91
100
96
93
93
97
95
133
196
203
209
213
212
211
210
210
211
210
208
206
206
205
204
206
208
208
204
191
188
187
176
211
234
233
236
238
236
236
237
237
238
239
238
242
238
123
109
148
166
162
161
162
156
148
148
146
137
130
118
105
104
198
94
92
100
98
93
94
97
86
138
209
206
212
214
211
211
210
209
209
211
210
208
208
206
204
204
204
206
207
208
196
180
179
185
226
232
233
235
236
236
235
236
238
238
240
239
246
205
101
142
150
155
162
159
147
140
145
130
112
109
114
107
106
152
135
131
130
130
134
136
135
141
149
140
115
76
56
58
60
59
64
68
66
65
63
65
67
71
73
75
75
73
72
71
68
69
66
65
70
67
58
48
47
50
50
47
41
31
28
26
23
22
22
57
120
114
51
21
12
9
9
9
6
42
65
42
30
24
133
130
131
133
136
139
144
141
123
90
59
54
58
60
57
60
65
66
65
64
62
64
67
66
68
70
70
71
69
67
66
70
65
62
64
58
51
44
45
45
44
43
38
34
30
24
20
21
17
28
86
138
146
137
125
117
100
87
77
87
109
90
62
50
131
129
130
133
141
142
129
99
62
47
51
54
55
56
53
57
61
63
64
62
61
65
67
67
66
64
61
61
62
59
60
60
54
49
48
41
35
33
28
23
30
37
34
34
38
40
54
50
36
27
42
86
126
139
143
151
154
156
168
173
171
161
172
182
129
128
132
140
145
131
109
92
86
89
91
89
87
88
85
83
84
87
88
88
90
91
94
94
92
87
82
81
81
80
79
77
72
67
65
59
56
54
51
45
59
82
84
83
88
82
85
87
79
53
34
34
38
34
33
40
50
61
74
94
109
116
147
168
134
138
144
144
140
133
131
136
138
138
137
134
132
131
132
132
132
131
135
137
137
137
139
139
138
138
136
134
135
135
135
134
134
135
135
133
133
131
130
129
131
135
136
139
140
134
128
130
131
122
115
117
117
116
115
111
108
103
98
97
98
97
101
106
149
148
143
136
134
136
139
142
143
144
145
144
143
141
140
143
145
148
152
152
150
152
153
151
151
152
152
152
153
155
155
155
157
159
161
161
160
157
153
154
152
149
149
153
158
159
157
155
152
150
148
155
158
160
160
158
159
156
154
155
155
155
154
153
144
139
133
134
134
133
135
136
134
133
133
133
133
134
134
134
139
144
147
146
146
147
149
148
147
149
150
150
151
152
153
154
154
157
160
162
161
157
154
156
156
157
158
160
161
161
159
158
155
152
153
152
157
160
161
157
160
159
160
163
166
166
167
166
100
94
97
95
93
92
94
93
91
89
88
88
89
91
91
89
92
95
96
96
98
100
101
101
103
103
104
105
107
107
107
109
110
108
112
115
115
113
112
114
116
119
121
119
123
124
120
121
115
135
124
138
133
131
133
133
136
134
131
129
128
131
121
115
62
58
60
56
56
53
53
49
46
45
47
48
47
48
45
43
46
47
47
48
48
45
44
46
46
44
44
45
48
50
48
49
47
48
54
52
51
52
48
51
56
51
49
56
73
49
48
45
88
79
94
107
81
77
63
63
66
76
70
67
62
43
33
28
71
66
67
66
66
65
62
59
57
59
58
61
60
57
55
54
57
59
57
59
59
58
56
57
56
54
53
55
56
59
57
58
54
58
64
63
61
64
77
75
63
58
66
74
71
83
73
59
77
60
45
23
17
22
24
20
19
24
27
24
23
23
25
26
75
73
73
73
72
71
70
65
65
67
66
65
67
65
62
65
66
67
65
65
65
64
65
64
63
62
63
65
67
67
68
69
65
66
77
72
88
80
99
86
73
82
84
78
80
57
54
44
39
25
14
25
30
29
21
21
27
30
21
27
26
30
30
35
75
72
71
71
70
70
70
67
67
67
68
68
66
68
65
65
68
67
65
65
63
63
65
65
65
63
63
66
69
69
69
67
64
66
61
96
103
81
68
56
55
44
55
43
44
60
44
47
42
42
55
40
31
21
20
32
34
26
30
27
27
33
36
43
75
71
71
71
70
70
71
70
69
68
69
68
69
68
69
67
68
66
65
65
65
64
64
65
64
62
63
64
65
68
68
66
57
47
74
107
84
67
77
70
65
55
60
44
30
33
33
35
35
36
52
47
30
44
65
42
31
34
34
28
26
31
37
42
82
81
80
79
78
78
79
78
74
75
75
74
74
74
74
72
75
72
68
66
63
59
59
62
65
67
68
70
77
75
74
69
100
105
116
66
52
55
57
54
58
51
36
38
45
51
41
36
25
44
63
41
53
57
45
41
35
38
37
35
36
42
44
61
91
89
88
88
86
86
86
84
80
80
81
81
82
81
75
73
73
72
76
81
82
85
77
61
56
67
76
80
86
82
81
86
123
156
116
29
42
50
60
64
57
52
45
67
89
106
96
81
101
67
41
42
26
25
29
31
31
33
33
36
43
48
38
42
95
93
92
92
90
90
90
87
84
83
84
84
84
83
95
125
144
152
169
170
171
186
191
178
143
88
61
66
75
81
95
119
125
100
44
43
81
82
93
89
83
81
58
66
71
82
102
60
66
89
73
52
42
35
25
23
28
26
23
24
32
63
78
61
99
96
95
95
93
91
92
89
87
86
87
87
90
107
120
113
100
94
105
124
132
146
159
169
185
186
159
152
117
89
86
83
103
36
59
86
72
48
58
63
90
103
77
58
73
73
90
103
71
86
79
49
52
40
26
31
35
35
28
26
35
39
51
64
100
98
98
96
94
92
92
91
89
87
89
89
82
70
66
65
64
68
75
93
105
123
109
102
133
154
175
151
128
106
74
64
45
38
44
44
22
23
25
25
32
51
97
83
65
94
82
103
101
89
66
55
59
71
51
39
47
54
54
28
39
45
48
57
99
99
98
96
92
92
94
91
89
95
87
77
79
77
77
76
73
70
72
68
73
88
93
101
95
96
94
76
76
91
105
73
45
43
43
40
33
23
17
20
36
67
45
66
99
104
80
98
118
87
97
92
74
66
70
59
63
59
99
69
43
51
49
37
100
98
98
97
94
94
94
93
97
89
76
79
81
79
79
81
83
76
78
75
77
91
85
81
94
93
84
86
93
97
66
45
59
47
64
71
70
34
44
52
28
29
46
137
138
138
140
69
97
90
112
121
107
100
101
113
98
54
59
109
82
88
64
41
102
100
98
97
95
93
92
100
88
77
83
86
83
83
86
92
88
85
85
85
105
100
89
100
94
91
92
90
82
47
40
46
64
77
95
92
70
24
51
78
57
59
123
160
125
124
55
28
54
109
79
84
110
108
113
84
82
55
58
75
63
56
60
61
102
101
99
97
95
95
95
109
92
85
89
84
86
91
97
93
91
88
89
107
102
97
105
98
90
93
95
90
43
35
47
53
35
25
44
53
73
88
104
52
17
106
135
93
92
38
22
27
24
41
69
93
75
62
111
77
66
97
38
24
22
21
20
45
101
100
99
96
96
95
95
97
93
94
89
88
97
104
105
96
96
91
114
111
100
109
101
96
94
94
89
50
30
25
27
30
40
30
17
18
28
56
60
21
59
99
88
60
26
29
29
32
39
35
32
44
77
91
81
62
29
34
22
20
18
19
20
38
102
100
98
97
95
93
98
107
103
99
94
98
105
110
105
98
90
117
117
105
114
105
99
100
98
91
61
35
35
38
40
35
24
34
24
21
18
11
26
88
167
116
44
24
22
27
26
28
29
32
32
32
23
25
30
59
34
23
20
16
18
21
43
65
103
99
99
100
95
93
116
114
105
105
103
108
110
110
103
89
124
125
112
121
112
105
103
105
93
57
39
21
27
33
24
30
47
21
18
19
42
75
121
143
94
26
21
24
24
28
26
27
27
27
29
32
31
37
32
53
40
20
16
23
45
37
70
80
103
99
98
92
91
95
122
121
110
108
107
113
113
109
91
130
141
122
125
122
118
114
109
96
77
52
53
40
26
26
29
23
25
21
25
71
118
170
151
53
12
28
31
34
33
34
28
24
25
25
28
30
25
26
28
29
24
23
39
63
63
47
82
86
103
100
98
90
88
97
135
132
120
113
111
116
111
95
120
157
143
143
135
124
123
119
104
89
51
34
29
44
34
32
41
39
19
56
111
154
177
102
22
17
27
31
29
28
32
34
30
28
25
25
31
34
34
29
26
27
40
58
78
84
44
69
90
91
100
98
99
93
88
107
154
145
137
128
121
118
112
116
166
153
156
156
149
137
131
110
95
73
38
44
49
41
54
39
31
45
103
140
172
166
68
28
37
47
57
67
67
56
47
42
31
31
33
31
30
34
27
30
49
69
81
89
81
44
51
90
92
93
102
99
99
93
88
115
168
156
156
148
144
139
130
162
170
160
165
155
150
145
137
99
76
52
23
28
36
61
55
40
64
127
162
181
162
74
68
80
75
73
73
77
76
67
59
46
35
35
31
29
37
54
68
71
87
91
86
66
41
61
91
93
94
95
100
98
97
94
86
110
167
164
167
167
169
154
158
183
170
165
167
160
148
151
140
102
61
41
52
40
24
16
28
92
136
171
189
166
91
93
97
94
93
91
89
88
89
90
82
68
46
30
38
36
35
37
40
44
50
50
54
64
87
101
100
98
96
96
102
101
103
97
93
98
166
173
174
174
174
163
187
181
171
177
170
154
156
150
136
118
112
74
48
32
27
34
103
137
151
164
140
73
102
120
120
112
107
102
99
97
97
94
87
80
69
32
47
78
75
75
69
71
75
83
94
101
102
103
104
102
100
100
102
99
101
99
98
90
151
183
178
181
171
185
193
179
184
178
163
161
159
152
140
115
84
60
63
51
46
92
153
168
167
153
42
31
95
128
142
133
123
115
112
107
104
103
97
92
88
64
67
94
88
88
95
95
98
99
104
106
106
105
105
104
103
100
102
99
99
99
99
90
116
187
183
183
181
200
191
185
187
179
170
167
156
147
140
129
68
63
43
68
84
126
143
158
168
100
25
47
83
122
153
152
137
123
119
114
105
106
111
102
100
86
84
97
94
98
100
100
103
105
107
109
108
107
106
107
106
103
99
98
98
95
95
93
86
153
193
184
194
198
190
195
189
182
181
168
163
148
144
132
65
39
55
98
140
167
165
163
107
90
31
72
112
120
153
155
144
132
126
123
115
85
95
106
105
103
97
104
104
106
106
103
102
103
104
106
108
110
110
110
108
107
99
97
96
95
95
96
92
96
178
190
202
196
194
197
192
187
186
175
169
156
148
130
38
28
110
164
173
170
164
144
102
77
53
173
147
132
151
145
138
129
128
128
120
87
76
95
111
119
112
111
106
106
107
107
104
101
101
103
104
107
110
114
112
112
99
96
94
94
93
94
95
83
113
197
205
199
197
198
194
191
189
178
166
164
151
114
33
100
163
183
165
150
144
135
124
58
47
75
119
126
128
121
111
98
103
121
119
94
78
89
120
137
128
114
107
112
115
114
111
107
104
103
102
103
107
112
114
113
97
96
96
93
92
93
92
89
70
156
222
205
201
198
195
194
186
170
174
170
151
120
107
156
175
170
162
157
137
146
154
95
87
76
84
97
106
106
94
91
82
104
124
91
100
92
131
142
134
116
123
131
127
122
118
115
112
111
107
104
106
109
115
115
96
96
95
94
94
93
91
88
79
75
155
220
207
200
199
195
180
177
179
165
146
141
165
179
170
167
161
150
157
160
156
140
110
98
93
89
88
89
83
90
70
119
169
102
122
99
129
138
134
148
154
147
139
133
130
126
121
119
114
109
107
108
113
119
91
91
93
93
91
89
87
83
81
72
56
116
211
207
202
199
193
188
174
162
146
163
183
184
171
163
163
171
179
179
170
159
152
164
171
158
146
136
121
108
88
149
183
110
113
114
119
98
123
184
176
162
152
147
141
135
132
127
123
118
114
111
114
118
80
81
85
85
85
84
82
78
77
72
66
47
128
219
215
201
196
187
170
155
159
181
187
180
173
172
177
185
187
186
178
175
185
155
156
187
194
195
196
193
158
160
159
100
107
93
46
25
61
187
184
172
164
160
155
149
143
138
134
128
123
119
119
122
89
79
75
76
77
78
76
73
71
69
65
59
41
91
182
214
199
186
171
158
174
186
186
182
181
179
179
187
193
192
185
171
95
42
97
125
139
137
136
134
124
118
111
95
58
23
21
31
33
144
196
183
178
174
171
167
160
153
146
139
135
130
126
128
124
109
95
91
88
85
84
83
81
80
78
77
73
59
58
116
197
190
165
172
186
181
184
184
183
156
180
192
202
202
198
120
40
79
107
93
105
110
109
107
102
87
56
28
19
24
30
35
29
68
197
196
189
188
185
183
179
172
164
156
147
143
139
138
135
132
127
122
115
110
110
111
113
117
115
116
116
114
111
102
133
176
177
184
188
184
190
194
135
56
91
122
156
182
176
76
34
85
62
73
91
92
88
74
46
26
21
24
23
27
29
27
26
16
117
211
200
198
197
193
190
186
182
176
165
159
154
148
126
132
138
136
130
121
116
117
121
127
126
127
126
126
125
129
122
127
180
190
185
190
194
184
86
77
52
25
36
63
62
53
30
14
27
43
50
43
31
21
21
28
34
36
34
33
36
43
46
45
36
132
215
212
204
200
198
197
195
190
184
176
169
163
128
133
137
136
133
128
121
117
115
119
122
124
125
124
125
126
116
157
193
191
186
194
200
147
95
101
86
54
24
15
9
17
18
18
23
21
26
27
33
36
38
47
46
47
47
51
56
61
64
61
50
28
86
176
213
215
208
204
202
199
196
190
183
179
129
133
138
135
133
130
127
122
112
93
82
88
89
90
92
80
98
187
194
190
192
198
182
78
125
134
127
120
114
99
83
70
63
61
59
53
43
36
29
22
19
24
25
30
36
39
43
48
53
49
43
35
13
11
55
113
166
202
212
210
205
201
196
190
127
130
133
134
132
128
125
123
117
93
50
24
22
26
25
23
150
197
195
191
195
206
136
67
145
152
51
32
42
50
68
81
89
96
107
116
118
119
115
108
93
73
57
45
41
42
41
45
54
60
58
62
66
73
77
84
101
104
112
156
189
206
209
203
128
129
130
130
130
128
125
116
116
117
102
72
35
12
7
110
195
199
191
196
201
181
79
103
167
67
11
19
25
28
33
33
35
40
39
32
27
35
48
63
78
91
103
112
122
127
130
130
125
120
124
127
127
130
132
132
127
70
51
69
74
95
127
165
132
128
127
129
131
128
123
115
111
114
117
114
94
45
80
189
201
196
197
185
159
105
71
160
83
13
26
29
33
36
37
32
26
24
22
21
18
22
28
44
71
98
112
120
127
132
135
131
96
103
124
128
127
128
126
125
126
91
54
76
80
69
61
64
130
127
126
128
130
126
118
115
115
115
114
114
115
111
185
206
199
196
187
150
133
98
155
82
13
25
31
34
32
28
25
24
22
21
30
41
62
85
107
123
132
134
134
135
137
137
140
135
100
97
119
124
124
124
123
121
126
110
51
59
74
81
85
75
162
133
122
125
126
120
114
112
112
112
112
111
108
122
204
210
198
205
205
177
158
158
87
17
28
29
24
22
21
22
23
32
45
73
97
112
122
135
138
138
137
135
134
132
134
136
136
133
111
89
112
121
122
120
119
120
124
120
55
35
61
79
93
92
215
195
153
122
117
116
112
110
112
113
113
112
113
118
187
223
220
213
193
133
70
26
15
22
23
21
19
19
25
47
78
98
115
125
130
134
138
138
136
133
131
131
129
128
132
135
134
134
119
84
100
117
119
115
114
115
117
123
71
11
39
78
91
96
176
211
215
186
140
113
110
112
114
115
114
119
116
68
36
76
81
59
30
16
18
22
23
24
22
24
38
66
96
115
120
127
135
138
136
134
133
133
133
130
130
129
128
129
129
133
134
133
126
86
86
109
114
111
103
102
109
127
117
100
106
96
80
88
78
118
186
220
213
179
130
108
114
119
124
97
37
15
21
17
18
22
23
24
25
26
19
28
47
76
99
115
128
139
142
141
137
134
131
130
130
129
130
130
128
128
125
127
127
128
129
127
125
94
73
100
105
104
126
142
127
112
136
179
196
115
69
97
89
78
84
141
207
225
207
160
127
122
71
23
14
24
29
26
25
22
22
20
21
31
55
93
118
120
126
131
140
146
142
137
133
131
131
131
131
127
127
129
126
126
125
124
125
125
124
121
119
97
86
99
108
157
207
208
176
140
171
193
128
53
75
80
93
90
84
77
98
163
218
232
180
50
12
21
28
28
28
22
20
20
21
28
63
102
122
129
137
147
151
142
131
143
143
136
134
131
134
130
128
126
124
126
123
121
118
116
114
110
107
105
104
94
74
106
150
196
206
207
209
213
200
138
42
45
61
60
93
91
91
91
79
74
124
163
63
13
22
27
25
25
26
23
22
23
50
93
124
128
134
144
148
147
146
146
131
140
147
138
135
132
132
129
126
124
119
114
113
119
124
126
133
137
141
158
180
184
178
199
210
212
213
195
169
140
84
33
34
52
66
59
92
91
92
92
92
90
55
13
14
24
26
23
22
25
27
23
25
75
118
127
131
137
140
141
145
145
145
144
134
134
142
140
135
132
130
125
120
114
115
137
161
174
181
190
202
211
216
218
211
201
205
210
209
190
145
103
80
64
42
40
53
76
55
56
94
93
94
94
100
61
16
20
25
24
22
26
25
23
22
59
111
128
129
138
140
137
138
140
142
144
144
144
136
128
136
136
134
131
125
120
113
131
169
187
188
191
198
204
207
208
210
206
204
202
202
177
124
80
61
68
67
61
53
60
73
52
46
70
93
93
98
102
60
17
21
28
27
22
24
24
26
32
86
124
129
135
140
139
136
134
136
138
139
140
142
144
141
128
132
137
134
129
119
115
150
184
186
185
192
200
202
203
205
209
208
208
203
199
127
51
51
60
68
72
63
53
65
70
50
48
78
105
95
95
103
61
17
25
28
24
23
26
26
35
52
105
123
129
139
138
137
138
137
135
134
136
136
139
141
140
140
127
127
137
134
125
115
149
188
184
185
196
200
200
201
203
206
209
207
207
195
128
38
52
67
78
79
68
60
69
67
56
65
87
95
71
94
100
64
21
26
32
27
24
23
29
39
68
113
121
134
140
136
136
136
137
137
135
134
134
135
138
138
139
137
129
123
132
129
116
128
180
186
186
196
201
201
203
203
206
208
204
205
202
131
32
44
65
77
69
64
68
72
67
69
77
82
79
59
28
94
67
22
20
25
24
21
23
26
28
62
118
128
138
142
139
136
134
135
137
137
135
133
134
135
135
136
137
135
132
122
125
123
112
154
182
180
192
202
200
203
205
206
208
207
201
204
185
47
28
58
73
67
66
76
73
67
70
71
63
56
43
32
31
108
23
22
26
24
19
19
22
18
66
126
127
143
145
138
137
134
132
134
136
136
134
132
132
131
132
132
131
129
129
122
114
116
125
172
179
184
196
197
201
201
204
205
207
204
201
206
140
23
52
57
62
72
76
71
63
69
54
34
32
40
33
29
59
122
109
109
109
111
112
111
113
115
112
97
77
74
75
77
76
77
79
80
78
76
78
80
83
85
85
85
86
83
81
80
82
79
79
82
80
76
73
75
76
73
69
66
63
63
63
62
62
63
84
133
132
85
64
56
53
55
54
50
68
85
71
64
59
116
107
107
108
110
113
113
109
99
84
73
73
75
76
75
76
77
77
77
77
75
78
80
78
81
82
81
82
81
79
78
81
78
77
78
75
72
70
75
72
68
67
64
63
62
57
60
64
60
64
104
148
155
149
140
134
121
112
104
106
123
111
92
83
109
106
108
111
115
113
100
85
72
69
72
71
74
75
72
73
74
74
74
74
75
76
78
77
75
74
74
74
75
74
74
74
71
69
69
65
62
64
64
59
61
64
63
63
67
67
75
73
65
60
69
101
132
141
143
149
151
154
162
165
165
159
167
171
108
105
110
115
113
102
90
85
83
86
87
86
85
88
86
83
83
82
82
84
87
86
86
85
85
82
81
83
83
82
85
83
79
76
76
72
71
72
71
65
76
93
97
97
100
92
91
90
85
70
61
62
66
64
63
67
75
82
90
103
112
118
139
152
112
110
113
113
108
103
104
106
106
106
106
107
106
108
108
106
107
107
107
106
108
107
107
108
108
109
109
111
111
113
115
113
110
110
111
112
111
111
112
111
114
120
121
123
121
117
113
113
114
108
104
106
106
103
100
98
97
92
90
91
91
90
93
97
119
114
112
110
109
110
111
109
110
113
112
112
117
115
114
115
116
115
116
117
117
116
117
115
116
118
120
120
120
121
124
122
120
122
123
125
124
123
123
125
125
121
121
125
125
125
124
124
124
124
123
125
127
125
124
125
123
122
121
121
122
123
122
120
116
106
106
107
105
107
107
107
106
104
105
104
109
110
111
109
110
114
115
115
113
113
114
113
113
114
116
118
118
118
119
121
120
123
125
127
125
124
119
122
124
126
125
126
125
127
126
125
124
126
126
120
123
124
122
125
122
123
124
123
123
126
129
127
101
90
94
88
84
87
86
85
83
83
83
83
86
89
89
86
88
88
87
88
91
91
90
90
91
92
92
95
98
97
94
97
97
95
98
97
98
98
95
95
101
101
101
99
119
116
103
101
102
125
111
123
114
108
108
115
115
111
106
108
108
111
109
109
87
80
78
74
74
73
72
70
68
68
70
71
70
73
72
68
69
68
67
70
72
68
67
69
69
68
67
68
74
76
74
75
70
69
72
69
67
70
69
74
81
70
67
81
101
77
74
71
108
99
114
124
103
98
91
98
96
99
97
96
94
80
74
71
88
81
78
78
79
79
77
76
75
77
76
79
77
75
74
74
75
75
73
75
76
75
74
74
74
73
72
75
75
80
78
79
73
74
75
73
76
81
104
102
81
76
90
100
98
112
106
91
108
92
80
67
61
67
70
65
64
68
70
68
66
65
68
68
86
83
82
82
80
80
80
77
80
83
80
81
81
79
77
78
78
78
76
77
78
77
77
76
76
77
77
79
82
82
83
83
77
76
82
78
108
92
130
119
102
108
112
106
113
95
97
89
83
71
61
67
72
70
62
63
72
72
64
69
68
72
73
78
86
81
80
80
79
79
79
76
79
81
82
81
79
81
80
77
78
77
76
76
75
75
76
76
76
75
76
80
81
82
83
80
74
76
76
107
137
121
112
105
105
95
108
94
92
103
87
90
85
84
102
83
72
63
67
76
75
69
74
70
69
77
80
85
85
80
78
79
80
78
79
80
80
80
82
81
79
80
84
79
77
76
76
75
75
75
75
76
75
75
76
78
79
81
81
78
72
67
101
130
128
118
125
123
115
108
108
91
78
82
82
83
80
82
100
90
76
91
110
85
75
77
77
72
69
75
82
88
88
86
84
83
84
84
84
84
83
84
84
82
81
82
84
81
81
78
76
75
73
70
69
72
74
76
79
80
85
84
81
79
104
110
132
107
101
105
110
112
112
101
87
90
100
106
94
88
76
91
109
88
98
100
87
82
76
80
79
77
80
85
90
105
90
91
88
88
88
88
86
85
85
86
85
85
87
86
83
82
82
82
85
88
88
89
84
74
71
75
82
85
88
86
83
92
109
133
121
79
96
105
119
121
113
110
97
121
141
156
146
131
150
117
90
87
71
68
71
73
74
74
73
77
86
96
89
90
92
90
90
90
90
89
88
89
87
87
87
87
87
88
96
111
119
122
127
125
122
135
141
135
119
89
74
77
81
85
94
109
111
100
91
99
137
137
149
144
140
137
111
119
128
137
154
116
118
138
121
100
91
81
68
66
72
70
65
67
75
108
126
108
97
91
92
92
91
90
89
89
90
88
90
90
92
98
105
99
91
89
93
100
103
108
114
120
132
140
133
129
108
89
86
90
106
75
116
140
122
95
106
111
136
153
131
113
126
128
144
158
124
137
126
99
104
90
73
78
82
81
72
67
79
84
97
110
98
94
93
93
93
93
91
90
90
89
90
89
87
81
82
81
80
82
83
87
93
97
88
94
111
121
130
118
111
94
88
96
81
91
96
96
69
67
69
70
75
97
139
134
120
144
130
156
155
140
121
110
113
123
101
87
96
105
106
72
83
89
92
101
94
95
95
95
91
92
94
92
89
92
87
84
87
86
86
85
85
83
84
80
81
86
90
102
96
95
96
87
84
103
123
89
95
95
98
95
84
67
62
64
67
88
81
106
127
140
123
135
163
139
150
143
127
120
123
113
115
105
147
117
91
100
94
80
97
94
95
97
95
96
95
93
93
88
82
89
89
86
86
89
89
86
87
85
88
98
94
94
103
103
100
99
101
117
92
93
114
101
122
129
121
73
75
83
71
71
81
151
135
141
142
98
133
133
155
164
153
149
149
159
147
99
107
156
128
136
112
85
98
96
94
94
94
94
93
102
94
85
92
93
91
91
93
98
95
93
93
94
108
106
100
105
102
104
108
102
100
83
92
102
118
128
147
146
115
62
83
92
94
96
136
154
121
111
81
70
96
140
115
125
148
146
154
127
131
105
100
118
103
97
105
108
98
96
96
95
95
95
95
115
99
93
95
93
95
98
102
99
100
95
99
110
106
104
108
106
101
113
112
103
81
86
97
103
83
69
90
99
100
105
115
77
59
122
132
99
101
76
67
69
68
83
106
124
111
106
151
110
108
138
75
62
61
61
60
84
97
96
95
94
98
96
96
108
102
100
96
96
103
108
107
101
101
99
116
112
106
110
105
104
104
116
115
83
74
74
74
76
87
75
60
60
67
82
80
62
86
106
97
85
66
68
66
68
70
68
69
84
108
120
115
96
67
71
59
58
57
58
55
58
99
96
95
97
95
93
104
117
110
104
100
102
109
111
106
99
97
115
114
108
114
108
106
108
109
110
101
79
80
86
85
80
71
77
65
63
63
57
62
100
152
119
74
60
59
65
64
64
65
68
67
70
60
61
63
94
68
59
58
56
56
55
61
68
98
97
97
99
95
94
124
120
113
110
108
109
112
113
105
96
120
121
113
119
113
112
110
110
109
96
89
67
72
78
68
73
94
62
58
62
78
90
120
135
104
66
60
59
59
66
64
65
65
67
67
70
65
68
65
84
71
57
56
58
65
62
73
78
102
98
96
89
90
97
129
124
116
113
110
112
113
112
101
129
133
122
125
122
119
118
116
115
106
100
103
89
72
74
77
68
68
66
63
87
119
158
145
78
53
65
64
64
64
66
63
62
63
64
67
71
66
65
64
64
62
58
64
73
72
68
79
81
103
98
97
87
87
100
139
132
123
117
113
115
112
104
125
147
138
137
131
125
123
124
124
118
100
85
80
94
84
82
94
89
60
89
116
142
160
111
61
59
64
69
66
63
66
67
63
62
63
64
68
71
71
67
65
62
65
71
80
81
64
79
86
85
95
94
96
91
87
108
149
140
134
127
120
117
113
120
153
145
148
148
144
134
129
126
122
118
88
93
101
95
108
90
82
79
108
134
158
152
84
61
65
69
75
84
86
78
73
71
64
64
66
66
67
70
63
63
71
78
85
88
81
65
69
88
88
86
99
96
95
92
86
114
159
148
146
140
137
132
126
152
155
151
154
148
144
139
137
123
110
99
71
77
82
110
104
88
87
122
143
167
150
83
80
87
84
80
78
83
83
76
72
68
63
66
65
64
68
76
78
77
87
91
90
79
68
76
87
89
87
88
95
93
93
91
86
108
156
153
154
154
154
142
152
166
158
152
157
151
139
141
142
128
110
94
103
87
67
61
67
106
129
152
173
154
98
104
104
100
98
96
92
91
92
89
83
75
63
61
65
65
67
68
66
67
71
72
76
80
89
93
93
92
90
88
96
97
100
96
93
98
154
156
157
160
158
155
175
166
159
165
160
147
145
140
135
134
147
127
96
82
74
71
111
129
138
154
132
85
110
126
122
114
111
106
103
100
100
93
89
84
76
58
72
87
85
87
84
83
83
87
95
98
98
99
97
96
93
91
98
95
99
99
100
93
143
162
160
164
158
177
180
168
172
167
156
152
149
143
132
130
134
114
116
106
98
114
145
154
160
145
65
63
106
129
137
128
123
116
113
109
106
103
99
95
92
74
85
98
92
93
96
94
97
97
102
104
103
100
99
97
95
93
99
95
96
98
101
93
116
169
165
167
172
189
180
175
177
169
160
155
147
140
133
133
120
115
97
122
135
150
153
161
159
101
57
79
101
125
146
144
131
121
118
116
107
104
109
106
104
94
95
101
100
102
101
99
99
101
103
105
103
102
101
101
98
98
96
95
95
93
95
95
91
146
175
168
183
185
179
184
178
173
170
158
155
140
138
138
111
93
101
129
152
160
164
158
110
98
65
107
126
126
147
145
135
127
123
122
115
88
96
106
110
109
105
107
106
107
105
100
97
98
99
100
101
104
103
102
101
101
98
94
94
94
94
99
98
104
165
178
191
183
182
185
183
178
175
166
159
148
143
137
84
75
117
154
160
159
156
140
111
89
81
178
150
139
145
134
129
124
123
125
118
89
83
97
115
121
117
112
108
106
106
103
100
96
97
97
97
99
103
106
106
104
97
95
94
92
92
96
100
92
116
187
191
187
186
186
185
180
178
169
156
155
146
130
82
114
151
167
154
145
140
133
128
78
74
92
125
132
127
118
109
100
106
119
118
95
89
92
121
136
128
114
109
111
111
110
106
101
98
97
94
95
99
104
107
105
98
95
95
92
93
93
95
95
82
155
205
193
189
186
185
182
175
161
166
162
147
133
124
145
160
159
153
150
130
140
147
104
96
86
95
107
112
108
99
96
87
107
121
93
116
101
129
139
131
116
118
122
118
114
111
108
106
105
98
96
99
100
106
106
97
96
95
94
93
92
93
93
86
88
152
205
194
188
188
185
171
167
171
159
146
139
155
163
159
156
151
143
146
149
145
134
112
104
102
100
97
95
90
95
79
119
158
104
137
111
128
136
133
135
137
132
125
122
120
118
115
110
105
101
97
97
102
107
97
95
97
96
94
93
92
90
89
84
74
122
197
195
191
189
183
179
167
159
146
148
167
169
156
153
156
160
166
165
155
146
144
154
164
159
148
139
126
112
95
147
171
115
131
121
120
104
123
161
151
141
133
131
128
124
122
116
112
107
103
100
104
107
88
90
92
93
92
92
91
88
89
85
82
70
132
203
202
192
186
178
164
152
148
164
170
163
159
162
168
172
173
171
163
161
168
145
154
179
184
186
187
181
148
151
150
107
112
99
72
64
92
167
157
145
140
141
138
134
128
124
120
115
111
108
107
109
90
89
88
87
89
89
88
86
84
86
85
79
65
105
176
203
190
179
166
151
156
168
170
167
166
167
170
174
178
176
168
155
103
78
117
128
135
133
133
130
122
120
117
106
82
64
64
74
77
144
168
153
148
149
149
146
139
133
128
124
121
118
114
115
111
107
100
100
99
95
93
91
90
93
91
88
84
74
76
121
191
184
161
159
167
165
171
172
168
147
166
177
186
186
179
115
73
114
126
102
112
117
116
111
107
99
84
69
63
64
68
71
69
96
173
167
161
162
163
162
157
150
143
136
130
128
125
125
113
115
115
117
112
108
106
105
106
108
106
108
107
103
103
96
121
164
168
169
172
172
178
181
132
84
100
117
144
166
159
88
67
105
82
85
100
99
95
88
75
69
66
66
62
62
63
62
65
60
127
186
178
178
178
177
174
169
164
157
148
142
137
133
106
111
117
120
117
113
110
107
109
112
109
111
112
112
110
111
97
107
164
176
172
178
181
171
108
108
86
62
64
79
80
72
62
52
58
66
73
70
67
63
65
70
71
69
66
64
68
72
75
74
70
136
193
193
188
184
182
183
180
175
169
160
151
146
111
109
114
116
117
116
113
111
108
108
111
113
114
115
113
111
98
144
177
177
175
182
185
145
122
127
117
92
69
62
56
58
58
58
63
60
63
64
67
67
67
72
71
70
71
73
76
80
84
84
76
63
103
166
193
196
193
190
188
185
183
177
169
163
108
108
112
111
111
111
114
114
108
95
89
95
92
94
95
84
104
172
180
178
181
187
170
89
121
133
134
134
131
119
109
100
95
94
92
88
79
72
66
59
57
59
59
60
65
65
67
70
75
74
69
66
53
53
82
121
157
185
195
194
191
189
183
177
104
105
109
106
109
110
109
109
108
96
74
61
60
63
62
61
151
182
182
180
184
193
129
82
122
126
74
69
77
83
95
103
108
115
124
130
129
128
126
120
111
97
86
79
77
77
75
77
82
86
84
85
85
85
84
87
95
99
115
147
173
189
192
190
103
104
107
108
109
107
106
101
103
106
102
86
66
54
52
126
182
185
179
185
188
168
87
107
140
82
57
60
64
67
71
70
71
75
74
68
63
69
79
88
98
106
111
114
119
122
124
126
120
115
118
118
115
116
118
119
118
80
70
81
85
100
126
159
107
105
106
109
110
108
103
98
98
101
105
107
96
66
102
176
187
183
185
173
149
106
86
144
94
55
62
65
69
71
72
68
62
61
60
58
56
59
65
73
86
97
100
103
109
114
117
119
97
104
119
121
117
115
115
115
118
95
72
86
86
81
76
83
109
107
108
109
110
107
101
99
100
100
100
103
102
104
174
191
184
184
174
141
128
108
146
95
57
62
66
69
67
65
64
62
62
61
67
73
84
94
105
112
116
116
118
120
120
121
124
123
103
99
116
120
116
115
115
114
118
109
71
77
85
91
95
86
122
109
105
108
110
105
100
99
99
99
101
102
97
110
192
196
186
193
192
163
150
151
102
59
65
65
61
59
59
60
65
72
80
95
108
115
118
124
121
122
123
122
122
120
121
122
126
127
113
97
115
120
118
117
114
114
118
116
75
65
80
93
101
96
159
143
117
104
104
101
98
97
100
102
102
103
104
106
175
205
202
197
179
135
95
65
58
63
61
60
58
59
66
83
102
112
117
120
122
123
125
123
119
119
120
120
120
120
121
122
125
127
119
94
106
119
119
115
113
115
115
119
86
55
69
90
91
90
135
154
158
135
107
96
96
97
101
102
102
106
105
81
74
104
105
90
69
60
61
63
61
62
61
66
78
93
108
117
119
121
122
123
122
122
123
122
121
118
121
121
121
121
121
122
125
125
123
96
96
114
118
113
107
104
107
113
103
94
99
94
84
85
89
104
139
159
156
134
106
95
101
105
109
95
67
59
64
61
63
64
64
63
64
66
61
72
85
101
111
117
122
126
126
125
122
122
120
122
123
121
122
121
121
121
120
121
120
121
124
124
124
102
89
108
110
103
111
117
102
92
101
118
133
99
82
88
93
87
88
114
158
171
156
124
109
107
84
64
59
63
67
65
62
62
62
60
63
75
90
111
122
122
124
125
127
129
127
123
120
119
122
121
122
122
121
121
119
119
119
118
119
120
121
120
120
105
88
87
90
123
157
150
122
108
127
132
95
73
84
82
94
93
90
87
96
125
166
179
136
73
58
63
66
66
68
62
60
61
62
72
98
116
125
127
127
131
133
128
125
128
125
122
120
120
124
120
121
120
119
120
117
117
113
113
113
111
111
110
111
104
84
91
111
144
154
154
153
153
137
100
65
69
79
81
98
93
92
92
85
84
107
129
79
59
62
65
64
65
66
64
61
65
89
112
126
126
129
132
131
130
130
130
125
129
131
125
122
121
121
121
121
120
118
115
115
114
112
112
114
118
124
134
144
140
135
150
158
160
157
140
119
99
76
62
64
75
87
86
93
93
94
92
93
94
75
59
60
63
64
63
63
65
66
65
68
101
125
127
127
128
130
131
130
130
129
128
125
126
128
124
121
121
120
119
119
116
115
120
124
124
125
136
151
162
168
168
158
145
152
158
153
135
105
86
80
74
66
66
76
93
76
80
94
93
97
96
99
78
61
64
64
62
62
64
64
63
64
93
122
128
126
129
129
125
127
130
130
130
129
128
126
124
125
123
121
120
118
118
116
119
126
129
128
134
145
158
161
163
164
157
154
154
152
131
102
80
71
76
78
76
72
82
91
74
70
88
94
92
98
100
78
61
63
66
65
62
63
64
68
75
108
126
127
127
128
128
126
125
128
130
130
130
130
130
129
124
125
125
125
123
119
118
127
131
127
129
141
154
155
156
161
169
165
164
154
149
107
72
74
78
79
78
75
73
83
89
75
75
97
117
97
94
99
81
63
66
67
64
64
67
68
77
90
118
124
125
126
126
128
128
127
125
127
129
129
131
131
131
131
125
126
131
129
124
120
130
136
129
131
148
156
157
155
159
166
168
163
161
147
110
65
74
83
86
85
78
77
86
86
79
88
106
112
93
94
97
81
64
67
70
67
65
64
69
80
102
120
121
126
126
123
123
126
126
125
123
124
126
127
128
128
129
127
123
124
130
126
122
123
134
133
134
150
155
161
161
161
168
170
158
160
152
109
64
69
80
87
81
81
84
88
87
89
98
104
100
83
61
96
81
64
61
64
63
61
63
63
68
90
119
122
125
126
125
124
123
124
125
124
124
124
125
127
128
127
126
124
124
123
126
126
119
129
132
131
147
161
159
165
166
171
175
168
154
160
139
68
63
75
84
81
82
91
91
89
91
92
86
81
70
63
63
104
64
63
63
62
60
58
59
56
86
117
118
126
127
123
123
123
122
123
123
124
123
121
124
125
125
125
124
123
120
120
122
123
126
135
133
141
158
158
166
166
170
174
174
162
155
160
114
59
73
75
80
90
96
93
87
92
78
64
63
70
66
60
76
